117 52 51.3
27 45 1.8
48 46 31.3
12 47 95.2
30 41 22.4
44 46 21.7
19 29 48.8
50 23 73.4
1 38 3.1
62 46 46.1
92 5 72.1
109 45 87.1
107 5 32.6
87 26 9.7
61 42 61.4
95 9 12.2
38 51 42.6
98 21 4.5
49 38 49.2
23 34 15.2
48 7 73.9
35 13 29.1
2 42 90.5
13 40 23.7
84 4 97.5
1 20 10.7
46 27 83.6
8 40 73.0
29 7 52.3
32 15 81.4
45 34 49.0
91 2 91.2
56 35 10.9
0 15 38.8
43 15 8.0
44 18 77.9
22 7 16.7
73 16 28.5
45 27 34.0
50 23 90.1
78 19 96.3
18 40 68.5
94 16 3.0
35 24 44.3
57 26 95.2
46 46 91.1
39 26 60.8
80 43 53.2
77 17 42.6
72 31 2.9
47 15 66.1
68 49 93.8
67 37 97.6
78 0 90.1
39 10 34.0
32 34 56.7
35 14 68.4
97 38 51.2
47 7 47.5
27 3 82.2
48 32 53.0
62 27 30.6
98 32 4.9
28 49 72.3
100 22 62.3
86 9 14.9
39 35 78.9
46 25 89.3
91 15 30.9
44 31 72.8
116 29 83.5
32 15 41.4
84 48 46.1
108 32 76.4
44 20 77.1
24 32 47.0
91 13 58.6
1 15 16.7
96 11 66.8
26 29 75.0
103 40 2.9
75 29 94.1
41 50 98.7
23 18 15.4
17 11 83.5
23 31 81.5
111 34 43.8
55 6 45.7
86 16 4.9
23 34 3.2
67 18 31.9
10 10 15.5
60 21 76.2
110 12 72.6
84 10 91.8
101 8 53.9
54 15 9.5
58 24 1.3
51 50 51.6
23 32 47.9
66 8 45.4
72 48 17.7
60 37 61.3
34 51 91.9
93 11 29.3
3 43 25.7
16 51 17.6
61 25 77.9
30 8 20.1
89 12 86.5
60 40 60.2
55 10 30.5
107 29 13.6
95 2 31.3
33 30 52.3
5 7 14.9
87 37 92.1
85 51 37.3
7 29 74.9
9 37 47.2
100 18 35.2
81 34 82.2
1 48 53.9
10 21 12.0
110 20 92.1
36 38 89.0
27 26 17.8
14 20 90.2
78 48 28.3
115 20 21.3
40 8 23.2
80 34 54.8
100 31 24.3
70 25 27.2
110 10 20.7
41 25 67.7
12 29 8.6
65 48 64.0
34 4 2.2
32 49 30.9
1 33 70.2
99 42 8.8
14 16 28.4
47 44 54.8
65 2 25.0
56 34 15.6
115 44 75.1
45 30 12.8
113 45 87.8
58 1 87.5
93 16 0.4
34 39 39.5
60 45 46.1
82 34 48.8
51 51 36.6
104 39 84.5
108 3 99.5
89 39 47.7
15 37 60.2
22 45 45.5
81 7 68.9
31 16 28.4
20 37 59.0
87 49 50.9
93 36 66.3
34 32 93.4
25 38 21.4
74 15 92.0
112 16 49.1
79 48 33.1
90 18 93.6
32 20 90.6
104 13 13.0
46 42 99.1
30 45 59.6
38 18 71.1
3 38 66.1
62 13 53.5
98 0 16.6
98 41 51.6
76 15 44.7
49 7 83.2
109 12 63.0
106 39 49.2
30 6 93.6
77 25 48.7
5 49 73.2
110 1 8.5
109 42 52.6
16 24 56.3
91 33 64.0
66 44 40.5
80 3 55.9
16 39 67.2
46 40 38.5
41 21 82.8
41 39 39.6
95 44 62.6
18 35 80.5
59 10 48.2
29 24 75.4
49 10 18.5
103 37 52.8
104 47 36.4
6 50 61.0
84 51 13.6
116 30 75.1
74 44 87.0
16 18 89.5
100 35 98.5
82 36 91.6
71 13 98.6
43 20 10.2
76 34 32.4
82 5 3.5
20 39 48.9
90 51 2.7
29 49 25.6
92 46 67.7
98 41 28.7
44 27 83.9
35 19 24.2
43 40 35.6
116 12 45.4
102 44 51.5
72 30 62.3
68 51 33.1
46 22 99.6
108 37 81.0
105 36 18.8
55 35 98.9
61 3 5.1
110 22 61.6
107 44 88.2
62 35 44.7
99 20 15.2
8 17 7.7
50 14 45.5
98 43 30.1
98 14 29.3
98 7 0.6
21 38 15.2
36 6 84.0
40 29 79.7
116 29 11.0
80 42 7.5
79 25 88.2
25 2 96.0
105 29 25.3
62 46 7.3
57 19 19.8
16 27 59.2
47 11 23.2
111 46 39.6
18 37 22.0
75 8 57.6
60 14 19.8
20 37 58.4
0 48 84.6
10 13 28.4
81 41 53.6
54 44 4.9
29 27 8.4
81 37 31.8
108 16 46.5
84 12 67.8
110 16 2.9
43 5 90.7
94 17 34.9
83 41 99.3
47 30 96.8
8 28 86.8
47 10 47.0
111 45 81.9
60 27 18.2
12 9 95.3
24 11 99.2
34 24 64.8
41 51 68.3
111 19 27.5
77 25 55.0
12 25 74.4
60 15 89.1
114 4 40.4
93 15 69.8
97 27 48.0
49 11 45.7
88 45 27.1
95 17 52.2
62 19 64.0
30 15 65.5
52 33 19.4
100 10 59.5
71 42 83.5
45 8 83.0
6 40 40.5
67 40 45.1
99 25 45.3
23 17 33.0
92 2 39.5
103 36 92.9
83 44 76.2
0 4 80.4
44 14 24.1
102 44 50.4
7 36 65.0
10 12 26.4
30 5 0.4
11 11 79.6
81 4 83.6
62 46 52.3
15 25 86.2
20 33 94.4
96 32 72.9
20 5 65.0
80 47 74.7
104 45 20.0
72 13 92.7
94 21 28.6
4 12 65.6
9 14 10.0
95 31 0.4
112 32 31.5
75 46 38.2
30 16 42.4
39 40 79.1
97 41 53.6
60 2 62.5
47 46 93.7
34 35 81.5
76 45 66.0
29 33 91.0
9 9 4.0
42 47 20.0
112 22 13.2
58 49 27.5
71 51 15.2
39 3 66.4
104 22 55.9
16 45 16.7
18 2 89.0
24 46 60.6
33 47 24.1
108 51 28.0
54 8 59.0
39 13 7.0
0 14 72.8
61 11 11.7
100 17 39.1
111 30 64.3
37 11 24.1
108 11 83.8
87 12 3.5
47 25 3.4
10 44 11.7
81 10 60.7
74 1 62.7
28 13 36.2
67 42 50.1
41 17 98.7
112 49 96.5
76 45 42.1
90 1 18.7
93 44 21.9
64 37 56.5
44 43 0.4
88 13 62.9
70 14 59.5
41 11 15.9
61 31 45.8
5 32 26.7
95 11 86.9
8 31 79.9
25 32 98.3
40 45 50.8
48 33 48.6
82 47 56.6
73 30 60.7
78 16 44.1
71 38 82.1
66 12 29.1
63 31 70.4
97 32 41.1
10 39 31.3
45 32 95.9
79 45 69.1
67 44 16.9
98 12 73.5
11 45 27.5
97 40 91.4
73 26 36.3
5 34 6.5
40 47 36.4
16 1 55.2
108 24 8.0
24 50 19.3
97 13 6.1
56 24 3.2
66 7 19.3
88 26 22.7
43 35 82.9
10 35 23.5
86 17 40.6
80 41 15.4
52 7 24.8
42 29 87.7
7 37 5.0
101 39 68.5
45 15 78.4
40 2 25.6
80 43 91.1
49 14 38.7
66 12 36.6
112 41 27.2
52 28 25.5
6 12 6.1
92 35 3.9
109 6 66.7
6 18 77.5
21 30 89.9
11 38 21.0
7 17 22.5
106 26 11.6
63 23 11.3
62 51 81.1
99 22 86.3
49 4 96.5
46 47 80.1
28 19 82.7
5 8 52.3
61 28 71.6
82 47 54.5
104 41 41.1
102 43 92.1
105 43 12.4
100 15 14.2
75 43 97.5
64 50 90.2
99 12 37.6
51 12 0.9
13 20 69.2
63 47 44.6
55 51 58.3
0 30 50.6
35 2 74.5
78 1 24.3
111 51 16.1
62 29 51.4
63 30 91.2
72 47 17.8
40 6 2.4
113 23 4.5
65 24 99.5
5 2 67.2
66 36 42.7
72 5 29.0
0 1 34.4
2 37 10.0
14 6 14.9
24 45 74.2
90 46 14.4
86 50 91.7
108 22 12.2
87 34 91.7
6 29 65.7
110 43 27.6
56 5 30.7
49 39 75.0
16 15 50.0
35 2 100.0
52 3 92.8
91 33 25.4
74 1 53.1
62 47 42.1
106 15 1.2
82 51 73.1
86 16 28.5
86 25 22.4
105 18 15.8
26 50 37.4
108 42 9.2
60 38 56.9
6 35 14.3
75 26 98.0
90 26 61.1
67 16 24.9
56 4 32.2
116 1 22.7
63 11 21.9
94 50 32.6
72 16 1.5
94 9 67.1
102 49 54.5
70 42 66.2
76 13 75.5
96 16 98.0
46 47 7.1
111 10 23.3
83 49 92.0
114 23 42.3
71 8 62.3
64 43 3.0
70 47 97.4
6 10 55.0
61 13 68.5
39 7 79.5
34 51 26.4
82 24 4.7
109 36 97.9
105 36 78.2
90 10 52.9
50 5 52.4
78 5 62.0
12 42 82.5
51 27 72.6
43 32 9.0
70 6 66.9
21 8 11.1
70 39 28.1
32 2 71.7
84 48 85.1
92 19 25.5
96 30 94.3
107 22 89.5
5 11 81.5
61 20 88.8
113 48 94.9
89 15 55.3
37 40 24.7
107 33 25.9
79 44 5.9
66 25 38.2
53 22 65.4
57 1 90.1
31 16 12.9
57 39 87.6
24 42 23.4
103 22 43.4
88 40 98.5
89 4 96.8
13 36 26.6
52 41 60.0
24 31 44.5
66 15 54.6
37 28 58.9
55 29 33.9
57 30 18.1
107 5 96.9
69 18 53.1
81 42 45.1
100 48 42.7
49 45 37.4
90 0 50.9
82 37 73.1
104 1 81.7
114 26 17.6
32 41 92.4
75 43 59.5
89 40 9.6
74 2 58.9
24 38 85.9
65 14 50.8
55 8 81.6
31 45 39.5
104 23 13.7
94 21 33.2
33 31 24.9
4 31 36.4
85 4 47.9
111 45 49.3
43 9 38.3
39 14 17.8
83 0 78.9
36 45 90.4
60 51 27.3
18 19 91.0
102 19 5.5
44 8 68.0
57 40 80.4
83 22 12.3
29 26 11.6
71 4 52.2
95 2 29.0
96 41 13.3
100 19 87.5
13 16 4.8
72 49 65.7
44 1 15.5
56 37 95.0
18 49 60.8
59 18 21.1
77 35 99.6
102 0 55.2
109 15 2.6
29 27 12.5
98 43 6.6
9 12 7.3
78 29 14.9
1 49 29.6
52 11 3.2
55 31 8.2
51 27 71.6
112 35 98.8
92 6 71.7
35 23 84.2
81 13 1.5
68 50 84.8
85 29 39.0
87 16 45.1
88 40 37.8
16 0 69.6
100 24 40.3
95 49 72.3
105 17 89.0
80 32 82.2
66 9 56.4
40 45 45.2
111 9 53.0
53 36 58.0
87 37 48.7
57 35 9.3
47 29 41.2
103 43 1.6
92 34 9.8
19 51 55.5
82 17 43.7
29 4 30.1
51 45 52.3
70 5 45.4
59 15 47.0
10 0 59.0
86 5 60.0
63 30 32.5
52 48 44.9
105 5 76.6
32 7 77.1
38 48 22.5
57 35 50.0
84 51 39.9
115 44 44.9
114 50 4.2
45 29 26.9
58 34 26.5
101 7 13.4
23 0 92.4
86 13 86.1
9 16 10.3
43 32 88.8
114 26 72.9
95 48 82.7
22 1 0.2
110 35 41.3
33 51 25.0
30 16 1.3
0 13 3.3
80 46 96.8
68 25 95.0
49 23 56.5
15 42 53.7
80 13 14.9
109 18 25.5
60 3 48.5
85 11 8.3
72 41 36.9
70 34 27.2
26 37 94.4
65 34 83.4
45 24 4.8
23 48 8.6
39 22 48.9
3 44 48.4
45 43 22.9
5 14 36.1
107 2 98.4
50 33 20.7
83 18 77.8
52 15 96.7
87 43 74.5
99 51 27.3
47 27 51.8
11 32 85.2
18 21 56.8
48 5 96.8
113 30 73.1
68 3 56.4
29 0 78.6
106 29 35.9
11 51 53.5
49 23 48.8
67 7 31.0
38 38 57.0
48 16 45.1
44 15 28.5
11 21 32.3
64 29 77.5
65 24 42.9
56 46 21.9
16 43 2.2
92 12 18.0
84 4 4.5
70 27 35.5
74 19 36.4
43 9 14.6
28 28 96.3
59 0 38.9
9 0 13.1
74 41 50.8
109 12 45.0
39 41 96.6
79 28 96.5
37 1 89.5
106 34 64.0
101 41 16.6
66 21 20.4
103 37 5.8
33 44 8.8
79 29 84.7
64 39 17.1
94 44 1.1
87 14 91.6
71 40 95.6
15 34 100.0
72 51 52.7
65 36 45.3
53 8 52.5
74 6 35.3
13 5 71.1
83 37 50.4
33 1 72.9
1 2 29.5
101 25 74.5
18 49 40.5
7 4 88.3
18 4 61.7
24 44 49.3
16 14 30.4
110 49 87.2
40 36 28.0
111 39 43.7
75 44 14.7
83 40 33.3
43 10 60.8
67 12 36.7
59 34 6.8
9 20 36.1
115 6 64.9
35 20 51.2
93 23 79.9
116 32 27.1
46 45 45.7
17 39 34.1
86 30 71.2
94 34 27.9
63 8 47.3
80 23 70.4
112 28 61.0
55 21 4.8
62 18 8.5
66 23 25.9
17 11 66.8
47 10 44.0
7 22 51.3
3 21 44.7
114 38 99.5
23 13 55.4
88 22 94.8
18 18 96.5
10 18 28.6
62 2 55.4
106 36 96.4
12 33 5.7
50 45 17.5
64 1 19.9
40 46 70.7
33 38 16.1
36 25 80.7
9 47 27.5
1 39 63.6
22 13 98.5
97 32 98.7
55 50 17.4
64 39 38.7
48 38 79.6
55 18 96.9
78 3 98.7
79 18 17.6
111 0 93.7
8 44 7.8
22 47 66.4
74 45 69.4
36 19 66.8
109 12 57.3
92 2 90.8
27 34 75.2
48 43 22.8
68 7 82.8
44 42 59.4
36 27 76.9
56 26 84.5
21 1 38.7
60 44 73.5
47 40 83.5
100 2 20.6
47 23 65.8
58 35 15.4
97 19 53.4
55 24 61.6
51 19 43.7
45 33 32.6
98 37 75.5
4 11 91.1
95 49 27.2
75 41 81.5
76 19 28.9
37 8 22.1
64 49 27.8
100 20 44.7
92 11 23.7
49 6 52.4
30 28 49.7
28 37 66.4
52 19 32.2
37 4 29.2
95 16 25.2
112 3 99.4
33 31 54.2
22 1 74.1
49 19 67.1
70 30 70.1
59 16 14.7
54 15 91.6
21 20 68.8
15 39 77.3
68 40 85.6
76 50 19.1
12 50 85.5
13 2 64.0
79 33 42.0
34 49 39.6
41 49 34.7
66 34 25.9
81 0 55.5
24 27 61.1
87 30 62.7
99 20 80.3
114 51 15.1
51 8 22.1
72 10 81.9
85 27 29.3
39 8 3.1
112 41 31.9
60 20 52.1
24 41 80.6
14 34 12.6
60 12 73.8
18 51 20.7
99 31 0.4
24 29 92.6
44 11 95.0
41 12 73.9
77 32 90.0
84 4 87.5
5 16 31.4
109 44 6.2
101 44 10.1
54 14 85.4
46 18 95.0
47 31 14.5
54 51 9.6
72 19 35.3
30 11 84.8
7 5 69.7
60 11 99.2
97 28 98.5
63 50 90.2
99 1 6.5
89 37 15.0
112 43 72.1
70 49 25.9
114 36 3.4
35 32 30.4
1 18 41.1
53 28 0.2
101 19 18.9
108 11 4.1
108 18 60.7
68 26 71.2
29 50 10.7
115 17 21.8
14 27 45.9
110 8 73.0
18 34 26.0
22 22 38.9
80 43 29.1
1 47 41.3
12 46 30.7
45 31 71.8
10 29 89.3
21 22 98.4
22 36 38.1
91 10 74.5
1 8 13.7
70 15 10.9
42 41 34.1
44 8 97.6
7 5 47.3
94 6 98.2
51 31 6.5
35 20 60.1
84 51 30.0
12 47 70.2
56 39 77.6
19 13 13.0
72 12 33.3
57 2 51.6
50 45 94.2
60 31 5.6
68 24 78.5
20 1 50.5
106 15 95.3
16 1 18.2
44 48 87.4
47 12 3.2
13 31 33.3
88 8 44.9
83 26 21.4
110 20 42.9
114 23 25.0
17 24 92.0
76 4 99.1
93 51 96.7
79 14 15.5
47 19 97.3
42 1 15.9
61 12 5.4
110 41 72.1
84 5 57.6
88 42 20.1
3 1 0.6
5 22 0.9
38 34 14.6
28 26 91.6
72 50 90.5
89 8 75.0
46 38 11.2
80 48 52.7
18 21 74.7
9 45 66.4
116 26 54.9
79 17 85.7
36 22 2.5
37 42 65.0
73 42 75.4
17 20 70.4
55 47 13.2
54 34 96.1
5 45 75.1
92 27 16.4
54 3 35.3
24 30 97.4
21 29 76.4
91 9 24.6
29 40 78.3
5 32 73.0
69 3 94.0
51 33 85.8
83 42 4.5
114 28 45.8
80 46 23.4
66 25 36.8
11 3 45.5
52 11 87.2
92 33 84.0
89 32 95.8
60 24 72.9
60 38 17.2
21 39 4.4
86 40 85.6
3 25 9.6
43 18 41.6
85 29 13.2
18 36 4.8
101 16 10.3
66 44 35.1
114 2 49.3
116 5 48.3
17 8 42.0
96 24 62.7
59 3 58.0
109 27 40.8
40 8 63.4
27 16 51.9
73 20 81.5
48 24 19.8
56 41 63.3
12 2 66.0
55 28 96.2
32 41 64.7
60 9 77.2
64 5 58.6
38 23 88.6
5 39 0.6
88 44 46.6
66 25 32.3
96 30 51.6
58 1 38.8
15 2 62.0
86 26 26.2
54 26 97.5
85 17 99.2
53 5 75.0
18 51 17.4
105 10 68.6
73 33 54.9
28 14 49.3
100 22 26.0
72 29 39.2
33 23 64.5
111 26 89.1
31 2 69.6
79 17 14.8
0 36 73.8
45 31 22.3
96 23 45.1
3 15 11.9
87 10 4.8
2 34 24.1
72 5 73.8
23 3 23.2
1 46 95.7
105 39 70.7
5 30 18.9
97 16 88.1
42 13 41.3
97 23 15.6
25 12 75.8
9 49 67.1
26 6 0.2
98 25 6.8
69 20 73.9
115 29 69.5
38 25 37.9
35 2 65.1
31 12 6.6
28 21 52.0
35 46 52.6
22 34 22.2
10 42 9.6
26 38 33.2
98 26 42.2
108 43 88.3
68 32 43.5
64 41 25.5
35 20 75.3
108 40 95.7
74 17 37.9
31 47 6.6
79 10 71.4
88 44 11.5
43 42 74.5
33 25 7.9
100 51 75.8
87 22 4.9
103 0 56.6
109 41 66.3
105 35 88.9
61 11 0.2
81 8 45.5
10 39 60.4
109 21 92.5
68 28 60.2
2 39 80.6
37 14 0.6
2 48 4.3
104 13 97.7
76 47 81.6
94 2 83.1
1 38 98.3
57 24 44.0
22 40 4.0
111 16 82.3
94 11 10.3
17 28 70.6
62 25 52.2
70 30 78.2
13 20 29.1
114 38 98.9
109 41 2.7
36 24 31.6
26 42 53.1
6 12 46.7
96 10 91.4
17 48 51.2
29 18 32.9
6 5 8.8
112 29 41.6
57 18 46.6
1 17 59.8
67 35 74.5
11 47 30.2
90 32 31.8
40 4 93.8
57 48 67.7
82 23 61.5
32 11 34.7
44 29 87.1
79 16 43.1
7 30 30.3
79 50 16.5
41 2 10.2
21 11 75.0
98 36 55.7
26 50 93.5
84 27 59.0
104 49 19.5
80 34 90.6
112 48 62.6
44 46 95.1
83 41 16.5
20 31 39.2
36 32 24.0
45 33 8.6
108 45 33.1
106 26 99.2
29 9 10.0
34 15 22.1
21 24 81.0
41 30 85.0
86 11 8.7
2 18 76.1
21 39 8.6
105 38 68.1
32 44 3.2
64 24 42.0
106 8 49.8
25 49 77.3
83 4 14.5
27 47 2.3
82 36 63.4
93 50 10.5
61 29 7.0
82 8 70.6
32 21 27.9
37 36 17.2
44 7 28.7
78 44 78.6
103 46 4.3
109 4 32.1
33 15 55.5
60 42 16.1
64 41 60.4
49 34 32.5
79 32 91.9
89 9 55.7
38 11 66.5
54 1 52.6
19 15 68.0
60 35 71.3
98 47 91.9
92 27 2.9
5 48 22.8
70 31 78.7
98 5 23.0
8 10 94.0
7 25 48.6
10 21 77.4
17 14 2.1
107 31 64.0
69 16 39.9
106 9 27.5
20 9 10.5
53 39 92.2
39 17 28.4
40 31 4.8
100 9 76.7
31 13 71.0
10 10 54.3
12 38 29.9
78 18 22.2
60 23 2.2
14 38 7.8
79 2 78.5
19 0 22.5
74 6 43.4
54 33 86.3
63 40 45.6
69 38 92.8
69 21 93.5
4 30 89.9
115 40 63.2
31 8 88.7
35 48 81.3
22 8 63.4
95 10 28.3
22 26 90.8
5 14 83.2
86 13 63.1
85 23 1.1
25 4 84.4
18 3 17.9
15 11 86.7
23 23 70.0
57 8 61.4
95 31 16.3
14 38 84.9
102 22 62.6
67 40 99.7
14 33 87.2
116 11 83.2
98 45 79.9
21 15 5.4
97 12 60.1
6 47 99.9
44 28 47.4
109 27 70.7
4 41 25.9
17 33 75.0
49 33 34.2
58 51 32.7
12 17 80.3
78 17 56.7
105 7 27.2
22 33 97.0
102 7 11.1
88 40 25.0
34 20 7.1
37 41 27.7
74 12 36.5
14 49 18.4
100 24 19.1
36 6 70.1
47 28 90.3
102 30 66.9
85 24 85.5
116 42 35.8
49 17 72.4
17 50 88.3
12 48 80.4
61 35 65.2
81 14 74.7
107 20 65.4
39 31 50.3
0 7 66.2
70 29 61.7
93 30 14.7
58 22 13.6
93 10 38.4
27 0 24.7
11 36 84.9
60 0 50.2
80 0 68.2
93 2 55.7
41 25 70.2
13 21 83.1
39 48 86.2
25 48 32.2
79 49 75.5
47 44 48.1
64 33 90.8
107 27 56.8
95 40 21.9
92 35 95.8
101 1 20.9
41 41 45.2
83 46 51.5
19 5 51.5
77 34 78.3
61 34 95.9
53 30 13.9
58 14 25.9
52 27 42.9
21 16 41.6
58 48 12.7
38 29 45.1
69 50 30.0
80 12 9.8
111 37 11.8
103 49 5.8
0 48 54.4
40 34 60.4
94 26 71.9
27 21 79.3
21 30 92.6
90 30 29.3
92 45 21.7
23 47 28.7
0 11 94.5
53 20 55.5
45 49 98.6
76 31 0.1
22 36 80.1
47 5 44.0
103 51 16.9
0 6 72.6
8 6 59.3
113 25 56.1
25 36 0.5
69 17 23.3
7 0 72.8
106 30 52.7
39 4 3.1
64 24 37.1
1 28 80.5
7 6 65.9
65 23 91.3
51 21 98.1
96 30 43.9
47 18 53.8
60 16 64.8
93 26 91.5
31 36 81.6
31 22 16.0
30 39 94.0
27 13 13.8
12 41 88.2
80 37 21.5
100 23 51.9
98 32 36.1
69 8 63.2
88 14 50.4
78 24 67.7
91 7 89.8
18 40 48.0
96 51 22.7
51 49 43.7
21 37 93.6
83 30 32.9
104 26 89.6
71 33 53.2
44 16 1.7
34 4 54.8
33 41 34.8
47 5 21.8
94 39 56.4
36 18 72.2
104 20 90.3
36 16 73.6
116 34 89.7
13 47 42.9
61 44 31.3
88 41 71.8
6 29 49.8
2 32 61.8
7 51 54.4
37 51 73.6
114 19 92.8
59 44 8.2
46 50 53.8
70 8 63.3
23 19 78.5
44 6 48.2
8 31 91.9
109 50 38.1
64 7 7.2
43 0 9.7
12 48 28.9
48 20 86.6
93 26 62.3
79 12 33.2
56 44 99.3
25 5 62.0
91 10 0.4
23 51 32.1
8 21 59.9
7 20 52.6
13 10 86.5
40 21 81.4
57 23 56.8
76 16 99.2
7 25 27.9
62 41 47.1
3 26 1.1
14 47 82.5
83 31 12.5
84 19 14.6
110 13 31.0
51 31 97.9
6 29 7.8
15 5 25.3
14 15 7.5
73 1 5.1
101 8 50.3
62 5 1.0
31 35 14.3
45 5 96.9
43 48 39.8
89 39 83.2
87 10 36.5
27 13 65.3
106 2 69.3
113 7 82.1
12 12 23.6
16 49 52.3
114 20 33.8
57 48 11.9
15 51 2.4
0 19 58.3
97 47 16.6
62 3 96.4
20 6 42.6
40 4 67.7
107 17 85.0
80 30 53.4
3 21 46.3
66 27 49.4
96 16 46.4
29 11 74.1
58 35 77.2
29 17 56.7
65 47 38.2
53 10 98.1
59 21 33.7
23 0 59.8
53 34 3.8
43 25 41.8
18 26 58.6
47 33 82.5
46 41 20.7
24 27 11.5
99 13 53.7
64 45 37.5
21 2 21.5
73 8 43.6
76 4 41.5
111 11 39.5
60 46 76.6
51 4 74.6
26 3 70.5
96 3 43.5
37 0 42.2
72 49 72.8
46 28 69.8
11 2 64.2
54 17 95.5
68 42 68.6
98 3 87.3
77 2 9.5
37 2 35.0
97 45 45.3
85 12 47.1
85 17 20.5
46 0 66.1
102 51 74.6
109 2 11.4
10 2 61.1
77 47 84.7
84 37 61.8
7 7 61.0
107 44 39.7
112 5 76.6
105 41 46.5
64 28 49.7
81 42 74.1
70 43 16.0
31 21 91.0
10 20 56.7
8 36 33.6
60 49 42.5
81 21 6.7
97 30 45.0
73 47 11.8
68 27 18.1
25 51 28.3
69 29 91.3
6 15 8.6
22 41 36.7
116 6 51.1
103 19 37.1
39 34 76.6
59 19 85.9
21 11 15.9
114 26 1.8
73 38 97.5
22 50 56.4
109 10 71.4
47 50 10.4
45 39 10.3
9 14 49.1
5 31 18.0
36 22 32.5
44 27 99.5
104 33 50.6
25 39 81.9
1 46 38.4
53 9 46.8
96 36 49.0
101 11 15.8
94 0 93.4
103 3 84.4
64 4 49.6
76 23 23.5
14 31 69.3
105 22 2.1
112 23 35.8
77 20 97.8
56 30 47.7
13 41 42.7
114 33 57.2
51 25 9.6
88 16 93.5
55 0 32.9
112 6 70.3
46 36 96.0
33 49 87.8
103 46 89.4
65 37 87.4
42 27 64.8
82 39 91.4
46 15 97.7
81 15 76.1
74 29 97.7
106 50 12.4
89 35 88.8
26 26 87.3
77 49 51.8
88 39 93.0
83 9 41.8
89 16 5.2
61 44 90.9
115 15 44.7
72 33 83.9
21 33 23.5
27 40 31.0
93 51 18.7
100 0 6.5
92 5 97.4
83 6 46.0
96 21 59.1
104 22 47.9
10 47 85.3
57 4 77.6
65 22 96.1
10 8 2.5
36 35 44.8
86 8 51.6
91 36 46.7
112 31 20.4
73 33 60.5
94 34 46.1
53 14 33.3
25 12 85.0
116 37 26.0
70 7 25.9
35 40 53.5
62 25 55.3
85 25 96.7
61 23 49.5
38 20 40.6
58 36 65.0
30 40 98.4
91 27 84.9
111 3 18.8
26 38 69.1
83 12 92.1
46 38 11.8
26 7 56.6
37 27 7.4
109 38 54.0
18 41 2.2
37 32 81.6
17 14 22.5
28 24 94.4
84 26 69.6
75 42 16.0
36 6 4.8
62 31 73.6
88 14 40.1
77 29 98.1
110 31 35.2
35 16 10.7
74 45 23.6
27 37 46.3
83 27 17.5
8 25 71.5
5 27 74.9
65 2 43.6
114 18 87.5
78 5 56.5
40 10 71.3
38 21 81.1
30 9 30.1
47 46 20.2
12 42 29.8
51 16 36.2
27 49 14.4
115 29 86.4
64 33 2.7
37 41 58.0
83 28 21.3
24 30 11.8
35 12 80.4
112 4 81.2
39 3 96.2
102 19 45.5
116 10 57.7
57 14 46.8
44 42 49.1
110 2 8.3
67 20 26.8
99 27 12.1
112 36 6.7
98 41 13.2
115 5 40.1
89 28 8.6
112 10 42.7
6 33 74.0
50 0 59.0
7 31 96.2
102 17 54.0
77 44 58.2
50 1 99.6
66 14 89.3
11 30 63.8
97 5 2.0
92 12 93.1
65 49 7.5
42 9 84.0
22 15 30.3
21 33 92.1
29 32 40.7
51 35 49.1
26 1 56.9
89 12 15.9
43 44 78.0
55 42 65.6
57 24 53.7
22 21 48.9
76 15 75.4
15 16 83.3
32 14 11.6
37 7 26.8
59 45 30.8
4 24 19.7
61 39 28.5
5 31 13.0
97 4 30.9
79 21 32.5
1 6 37.2
79 16 64.5
74 32 72.4
63 47 73.1
65 46 81.7
104 2 78.4
41 28 35.9
41 44 75.9
65 36 13.3
69 34 88.4
43 17 56.4
12 17 0.7
108 9 38.4
99 20 84.5
48 17 65.2
25 29 68.5
27 38 7.3
102 35 44.9
79 28 79.3
92 18 36.5
55 2 80.2
112 11 36.4
69 44 56.0
88 50 80.2
20 2 35.0
5 15 82.1
72 22 94.0
113 14 44.0
46 28 62.7
17 28 61.3
47 15 80.8
106 35 27.1
99 0 49.9
59 9 27.9
62 39 14.6
22 11 75.5
102 12 54.6
29 32 5.2
91 40 48.2
105 30 85.2
1 22 91.4
42 31 45.9
73 17 50.7
108 30 7.8
91 26 97.5
29 37 49.7
34 12 64.5
64 38 83.1
116 15 69.5
60 25 12.6
9 21 73.1
39 35 6.6
95 7 84.6
73 17 9.8
74 2 5.8
40 37 15.1
78 23 36.6
101 11 92.9
66 19 51.7
71 8 40.2
112 11 96.5
78 19 51.2
44 14 63.4
36 41 67.2
92 4 44.5
33 22 85.4
3 31 6.9
109 16 42.8
71 34 27.3
101 5 90.8
54 36 54.0
112 8 60.6
88 0 73.1
41 37 66.7
73 20 79.2
7 46 88.2
33 7 13.7
56 10 12.9
27 6 99.2
45 34 15.3
64 47 50.8
18 49 5.9
60 5 74.3
109 37 95.2
83 9 88.5
113 2 13.5
109 18 18.5
111 15 19.0
98 8 5.3
15 5 91.1
88 22 56.9
6 20 40.7
16 25 22.5
4 50 64.5
101 15 31.6
111 48 9.8
17 13 33.5
93 46 49.8
60 7 45.5
114 19 6.0
95 24 21.1
21 9 95.9
67 41 98.4
21 47 1.0
109 42 28.8
83 26 67.9
97 10 62.8
82 25 31.0
0 10 57.8
55 49 85.4
24 11 24.1
0 37 60.0
21 27 91.5
100 26 30.1
29 15 98.8
72 14 54.4
101 10 1.4
66 8 20.2
50 42 96.4
25 34 60.4
76 51 33.2
51 45 68.1
15 41 90.0
82 11 81.4
85 27 36.8
106 49 95.7
68 35 44.2
8 7 94.4
36 24 46.1
58 35 97.2
38 0 83.1
19 5 45.5
52 8 26.9
71 22 93.8
25 38 61.8
85 21 75.9
31 5 5.9
31 31 95.0
69 44 96.9
67 27 11.8
38 6 39.6
9 25 16.3
24 0 41.3
100 19 58.3
68 24 7.3
65 46 96.8
5 0 39.4
61 33 60.0
45 7 94.0
10 8 73.5
95 8 32.3
88 49 17.1
92 7 42.4
74 1 34.6
9 39 77.3
70 29 19.0
1 51 30.3
56 7 29.6
15 36 30.8
103 41 78.4
105 13 30.2
5 27 65.9
12 51 31.0
74 13 4.5
83 17 46.0
106 16 45.0
32 44 76.1
15 44 78.8
17 8 58.8
48 46 93.4
30 48 63.1
25 17 80.6
73 21 78.2
68 4 37.8
93 6 40.8
52 37 46.7
44 46 32.3
56 42 4.8
7 4 93.2
90 22 71.9
89 45 91.2
35 40 57.6
27 49 92.9
30 38 70.7
100 2 80.2
30 34 52.3
92 14 82.9
72 31 54.5
60 27 18.6
113 49 37.6
15 40 58.9
48 10 20.5
47 11 35.4
98 47 78.0
108 37 5.5
66 31 14.6
42 42 60.7
55 14 92.6
115 29 67.4
53 32 61.3
99 2 31.1
2 14 62.2
68 9 35.7
64 15 46.3
97 31 91.5
