97 51 5.3
59 37 60.6
11 44 32.5
33 30 49.6
74 26 82.5
60 43 8.0
23 3 55.2
93 50 17.4
61 21 72.4
72 31 85.6
88 3 29.4
54 18 86.3
34 47 26.1
11 3 0.8
88 10 94.9
81 4 1.2
30 40 80.5
43 21 59.6
26 33 21.4
92 18 80.4
27 1 44.0
34 32 11.5
75 6 13.8
70 23 1.7
40 15 54.5
88 15 30.3
7 8 55.0
65 43 43.8
76 24 37.2
36 16 85.4
42 6 42.4
56 8 96.0
4 1 68.6
37 44 6.4
9 18 82.1
62 32 58.8
19 47 68.6
86 48 66.6
21 36 66.2
4 0 31.6
33 22 72.7
60 22 2.3
50 15 97.5
56 27 80.1
56 14 80.1
87 19 44.2
36 33 61.1
25 7 60.8
30 19 18.5
35 44 29.4
96 10 20.2
81 28 81.0
17 0 96.5
34 32 11.8
74 14 70.7
69 6 33.1
29 4 94.8
39 38 68.6
35 47 16.7
75 32 56.4
72 34 74.8
27 38 45.1
19 34 48.4
50 36 32.6
19 37 59.1
84 10 75.9
58 50 50.7
89 22 59.3
2 37 91.7
47 11 44.6
22 17 8.8
4 19 95.6
79 42 50.1
35 29 49.4
8 47 31.2
21 5 88.7
26 42 54.4
47 12 14.9
47 18 28.4
22 42 99.5
78 35 22.5
44 43 53.9
1 21 98.9
61 9 84.8
20 13 76.3
3 46 12.6
79 26 6.3
21 49 32.3
54 10 38.5
28 38 21.0
15 11 97.1
61 4 31.1
79 10 15.8
38 1 50.6
31 23 20.8
18 21 5.1
65 12 8.1
44 2 98.1
42 6 82.5
36 29 25.6
86 41 78.4
20 48 83.6
39 7 88.6
53 10 86.6
87 38 83.1
17 19 87.6
27 17 62.5
5 33 20.8
92 14 76.4
4 16 40.9
30 50 56.0
25 4 68.9
76 8 38.9
7 3 32.5
66 15 5.0
19 3 17.6
29 15 31.9
31 0 99.4
44 9 96.5
35 33 77.3
11 20 54.9
66 47 79.5
8 29 99.8
69 17 11.2
95 41 8.2
40 6 8.3
92 1 25.2
12 19 48.7
19 18 15.7
66 25 16.1
20 29 0.5
14 24 87.3
33 8 22.7
34 11 68.1
71 49 79.9
55 17 35.3
55 4 58.8
39 32 72.9
94 49 39.0
47 36 12.3
71 33 63.0
78 40 80.1
54 23 86.0
86 24 40.4
56 14 44.7
47 23 92.2
78 3 26.4
27 42 10.7
22 27 14.2
48 25 96.9
36 18 42.4
54 45 59.8
91 18 41.1
15 42 43.1
87 40 27.6
13 22 62.9
47 18 31.3
88 14 14.8
9 19 17.1
12 44 7.9
42 22 47.6
43 31 1.9
84 42 24.2
47 23 46.2
1 49 72.0
23 46 67.0
24 25 34.0
54 42 63.5
80 37 73.5
46 46 85.4
27 2 64.1
54 36 7.7
29 15 16.9
59 9 41.8
60 5 90.1
20 41 66.9
4 31 13.8
83 37 6.0
30 8 48.5
60 36 74.9
49 30 54.1
4 41 60.1
36 13 21.5
92 42 11.9
10 36 95.7
50 27 29.9
11 29 45.7
92 37 73.1
8 34 39.0
75 8 20.0
26 24 76.6
89 1 62.7
28 22 83.8
36 39 1.4
76 31 11.9
51 44 81.5
68 5 57.1
42 18 30.6
48 48 45.4
79 22 16.1
56 2 12.5
74 43 3.7
50 15 10.5
8 12 10.6
45 19 92.1
72 50 24.0
36 27 64.9
8 41 42.4
16 40 93.8
21 43 47.4
56 32 78.2
29 50 71.2
48 46 62.5
13 29 21.0
59 17 89.8
65 24 39.6
45 6 88.1
26 10 12.8
32 24 83.9
46 8 80.5
30 21 56.1
49 20 29.1
58 16 90.4
54 32 66.5
20 31 17.7
15 20 79.4
79 1 84.5
83 15 61.9
25 6 17.3
95 23 7.4
21 48 77.7
14 11 17.8
47 42 58.2
35 44 5.8
36 15 56.9
76 40 99.4
34 35 90.8
77 27 15.5
50 3 83.4
67 33 75.1
18 39 67.0
31 28 29.9
21 40 93.7
62 26 50.2
29 24 26.0
74 48 72.5
60 12 51.5
31 27 22.0
80 6 78.8
22 11 35.2
60 43 97.1
21 14 31.2
71 30 84.3
39 7 5.0
59 43 50.0
78 7 97.7
41 15 61.7
77 5 53.4
1 3 15.9
61 40 5.1
40 34 10.4
91 47 14.9
55 32 29.2
96 43 99.6
82 29 50.8
94 7 93.2
13 40 77.9
16 35 40.2
4 37 16.2
16 45 22.2
30 0 59.6
50 35 40.6
73 8 20.3
25 40 14.8
3 6 50.3
87 15 92.9
40 50 92.8
45 49 90.2
9 0 66.1
45 21 84.7
62 22 22.7
21 30 79.9
44 13 22.2
2 23 77.7
20 26 98.0
46 9 85.4
74 0 68.8
12 2 78.4
43 42 38.9
29 46 56.5
44 47 98.9
49 39 21.9
15 2 48.1
64 17 97.5
92 45 78.2
64 32 79.3
17 34 26.7
8 38 0.8
80 12 93.1
64 46 56.5
6 16 88.0
88 6 37.5
8 50 98.0
41 15 48.0
43 39 39.4
65 4 10.4
76 0 25.5
41 37 10.7
36 26 46.8
94 37 5.8
92 50 55.4
17 43 80.7
71 2 58.6
91 49 61.6
87 5 65.5
59 2 99.0
47 0 62.5
7 4 87.6
17 38 79.7
34 23 22.8
50 39 65.5
35 47 62.1
73 8 22.2
7 50 46.2
86 41 59.6
17 18 37.6
27 49 65.9
49 41 66.1
84 20 7.4
51 25 42.6
88 8 93.1
25 16 72.5
59 18 17.9
1 0 35.6
46 7 69.1
53 0 72.8
20 10 25.3
83 42 25.1
95 9 40.1
67 5 56.5
17 30 58.5
77 1 94.5
12 32 14.4
2 15 40.9
69 46 55.0
63 14 66.9
37 16 64.6
92 21 7.2
76 6 77.2
54 40 86.8
25 2 39.8
26 45 28.2
87 33 25.7
71 20 73.8
88 23 80.9
81 37 89.6
19 29 77.5
69 4 52.4
85 4 30.3
51 35 1.2
67 12 72.3
38 25 75.6
63 44 63.6
45 38 81.9
85 22 33.8
48 29 97.6
58 48 47.8
70 43 18.4
45 2 68.8
17 21 97.2
94 6 98.1
84 8 41.0
31 24 27.1
69 15 85.6
66 38 41.3
85 48 37.9
63 7 76.9
5 26 10.0
72 32 19.9
52 10 20.4
67 45 19.3
27 43 81.4
39 16 67.0
26 42 15.8
19 29 6.8
67 45 31.2
55 21 76.2
18 41 26.4
62 5 83.7
58 13 84.4
35 32 34.0
88 27 6.6
75 9 44.0
30 24 95.8
68 35 94.7
4 34 98.0
63 30 3.4
42 7 84.8
29 16 64.7
36 15 70.2
93 13 63.6
11 46 30.6
3 39 26.6
49 22 14.8
82 22 39.0
71 48 99.7
55 15 73.4
38 18 7.0
64 2 85.1
22 33 25.8
20 50 72.1
27 38 23.2
21 33 37.9
65 39 25.9
34 35 31.2
6 27 81.2
86 37 2.2
50 11 55.6
48 5 95.8
86 32 45.3
60 26 1.4
37 50 39.3
53 3 14.4
55 48 17.9
53 7 16.6
92 42 13.1
78 12 91.0
5 20 83.9
1 26 85.8
2 4 17.7
84 48 34.4
17 46 44.0
79 29 73.0
53 41 71.0
88 21 30.7
17 18 46.4
92 16 14.2
75 3 9.3
13 45 44.8
54 10 41.6
30 6 9.4
25 41 94.0
38 9 5.9
63 30 16.6
93 33 7.5
52 36 74.7
72 25 43.3
76 50 31.1
44 26 45.2
83 14 56.7
29 38 43.4
40 11 40.3
78 22 15.2
13 26 51.8
69 48 94.3
24 6 14.5
34 39 15.3
21 44 99.4
17 0 63.3
80 42 83.4
83 42 30.5
34 42 70.4
94 14 85.4
28 12 43.2
21 25 9.2
18 46 82.3
58 32 47.9
69 24 86.3
43 2 87.9
70 5 8.2
79 23 97.3
92 28 22.6
55 36 90.2
6 45 89.6
85 41 5.3
8 11 8.9
32 35 22.6
29 41 53.6
49 32 52.2
79 8 35.9
12 30 44.0
34 26 14.5
18 43 11.5
93 13 41.0
9 47 18.2
37 12 11.7
90 11 38.9
88 26 49.9
18 1 4.8
87 35 9.8
87 38 12.9
61 48 71.5
1 30 96.3
43 44 53.3
92 30 74.7
5 14 16.2
86 19 47.6
84 12 67.6
62 42 59.1
58 33 95.6
82 29 6.3
45 19 78.5
27 23 54.6
95 5 15.9
36 25 61.6
90 41 8.0
41 2 46.1
56 46 32.8
18 15 51.0
24 20 73.9
25 47 51.9
2 34 36.5
79 13 26.9
31 45 0.3
17 4 14.7
55 19 11.0
55 43 20.0
35 0 0.8
22 20 3.0
46 7 69.9
7 30 17.7
48 22 83.0
14 0 49.5
27 43 92.6
82 8 62.0
77 47 2.1
44 42 79.0
45 47 88.6
89 35 34.2
39 10 51.3
27 25 37.0
42 22 64.0
42 18 84.8
22 47 85.3
71 18 75.7
28 8 4.1
19 38 42.8
58 47 60.6
5 46 74.3
88 14 29.0
21 12 62.5
19 23 1.1
35 29 4.0
53 4 33.9
11 15 45.0
4 10 1.1
62 45 24.6
70 25 48.0
88 2 31.4
66 23 88.9
26 30 36.0
68 9 21.9
59 16 34.7
26 31 81.7
53 11 35.5
54 16 63.2
32 21 10.4
76 1 39.5
75 1 31.2
90 40 45.2
8 5 88.4
38 7 53.2
62 4 57.0
35 45 49.4
79 0 3.1
88 38 64.4
92 47 6.7
29 0 79.4
41 27 70.5
7 31 97.9
52 32 5.1
28 11 43.0
55 38 39.6
13 44 39.2
38 37 59.6
94 3 94.9
43 33 95.9
13 36 47.4
80 34 51.0
88 35 69.4
3 18 98.8
32 50 0.9
93 6 8.2
44 12 57.2
31 42 78.5
93 48 43.1
10 10 71.3
64 36 55.8
76 14 70.2
49 36 32.9
48 19 58.1
85 30 15.0
32 36 69.0
1 9 88.7
67 10 22.7
3 39 0.8
75 1 8.4
34 15 4.9
50 30 91.5
56 30 36.3
53 20 13.5
69 24 55.6
37 4 55.9
16 32 66.5
47 43 88.1
23 46 26.7
95 47 18.7
93 43 61.8
58 23 84.5
23 9 77.6
44 32 44.4
87 37 79.4
38 12 20.7
76 21 55.3
58 9 50.1
45 32 47.8
49 7 86.5
31 1 83.2
60 48 16.2
85 35 43.9
0 17 65.1
68 46 39.9
47 30 17.3
67 32 40.9
56 37 26.9
64 45 19.2
54 34 43.8
30 1 37.0
0 37 4.7
57 33 47.3
35 25 15.6
53 14 91.1
63 21 56.5
49 36 38.8
42 5 75.2
8 29 16.5
19 41 87.9
23 49 48.1
25 27 99.2
22 25 41.7
84 14 83.1
64 23 96.5
51 27 55.8
82 0 0.8
12 32 36.6
30 48 29.9
73 0 82.9
92 19 64.8
18 50 15.3
5 2 18.3
76 23 37.4
33 9 18.0
41 2 49.0
19 11 10.7
96 10 27.6
34 23 76.0
37 24 82.7
56 49 13.1
12 22 94.1
0 15 16.4
71 47 37.0
32 13 66.5
47 16 51.8
92 3 17.8
79 47 76.4
23 31 75.6
87 11 47.2
33 2 83.7
24 22 39.0
89 3 20.7
3 3 21.6
48 7 92.6
79 31 4.7
93 39 51.2
21 50 88.7
6 0 76.6
33 34 63.3
71 42 75.1
33 49 36.2
15 1 95.7
63 27 15.5
16 23 9.9
2 50 40.1
46 50 50.4
43 44 6.1
40 33 14.2
13 46 50.3
40 16 33.1
39 38 97.9
59 11 4.7
88 10 31.3
81 26 66.9
90 31 93.6
72 23 56.4
5 34 40.8
25 37 83.3
25 8 97.4
85 27 73.6
17 20 32.0
18 50 1.9
75 31 5.9
65 45 89.7
94 12 39.7
26 33 51.0
5 44 91.0
88 6 29.7
75 16 95.2
95 26 29.0
85 5 35.3
69 10 15.2
41 28 34.7
74 16 84.3
56 44 94.1
94 6 53.7
80 17 36.9
82 27 28.4
23 1 14.1
15 28 19.3
34 13 80.0
24 5 67.2
48 27 84.3
58 14 57.3
5 1 64.6
75 18 97.1
55 16 45.3
65 0 84.7
86 5 76.8
61 30 97.3
39 31 23.1
14 26 46.7
43 21 57.7
52 47 22.5
53 35 50.2
76 8 10.8
25 37 35.7
67 35 30.7
86 50 29.0
9 35 28.9
66 27 93.4
49 0 85.4
91 5 22.3
87 45 94.5
44 13 29.6
8 7 66.4
62 13 10.6
81 39 36.4
18 9 26.6
0 33 41.4
11 27 21.7
38 15 22.7
31 34 43.5
11 28 78.8
32 50 21.7
91 23 18.2
14 47 36.7
89 3 37.6
13 39 39.3
45 50 63.9
45 18 59.9
10 6 29.1
86 1 79.7
18 31 81.1
38 36 85.3
31 35 70.7
1 8 8.6
64 13 30.3
11 44 23.5
47 36 16.5
77 14 54.0
59 38 2.7
69 39 26.6
56 22 46.8
53 24 91.8
24 35 24.6
25 48 40.2
19 8 35.3
70 34 63.7
24 21 75.0
35 6 87.2
63 28 2.2
20 22 75.6
82 14 40.3
20 4 68.1
74 27 42.1
83 46 12.0
25 24 27.2
89 34 67.3
1 26 59.0
74 9 49.0
7 32 14.8
18 48 69.0
61 44 34.2
36 36 42.8
42 40 60.4
82 39 55.9
76 7 91.4
83 1 29.7
26 9 70.8
14 22 42.3
70 8 19.8
5 31 95.9
56 33 30.6
58 8 93.9
91 14 92.0
37 44 39.7
47 40 25.0
52 33 20.5
60 16 25.0
77 29 63.4
17 13 0.0
85 45 98.4
26 36 81.6
13 26 59.7
77 12 13.1
35 23 69.8
55 44 20.6
56 20 94.6
72 13 98.9
90 34 58.5
54 5 91.3
27 36 26.8
75 35 69.2
23 28 59.2
27 44 69.1
93 4 32.5
82 14 69.6
55 15 92.7
92 49 17.5
5 5 23.8
44 45 72.2
33 23 34.4
63 37 78.1
51 42 51.6
28 45 12.7
20 49 60.8
57 6 40.5
79 16 55.3
88 29 64.0
75 12 55.2
53 37 11.3
14 41 50.6
47 42 74.7
80 25 33.0
94 32 78.2
7 11 94.3
62 6 91.7
20 30 57.9
82 4 2.9
46 16 15.1
15 3 70.5
87 32 51.6
32 23 43.9
38 6 48.1
33 37 69.7
24 8 65.7
76 18 25.8
91 16 56.3
71 10 36.9
93 32 30.9
79 42 36.6
5 3 48.0
58 46 96.2
76 29 82.8
47 45 87.7
47 32 51.5
94 49 71.7
39 24 72.4
71 14 66.1
44 2 42.2
73 40 35.2
76 2 47.6
16 46 36.3
0 12 7.8
37 16 68.4
20 27 35.0
72 13 82.9
73 29 83.4
22 15 71.5
7 29 41.8
50 41 34.0
66 22 89.1
34 10 85.6
54 20 36.1
9 46 18.8
44 16 53.6
67 24 5.5
87 13 64.6
13 32 86.2
28 40 25.1
43 45 3.6
64 29 33.9
29 19 77.3
6 37 71.4
14 27 56.2
23 44 95.9
33 11 51.7
68 8 11.9
44 33 28.7
62 16 67.8
91 29 68.4
33 6 87.3
96 39 21.1
68 16 51.5
37 16 18.7
58 27 3.5
2 29 54.0
39 32 92.1
59 23 71.0
17 29 99.4
82 25 19.3
78 30 66.7
78 13 73.9
28 49 81.2
46 13 94.4
94 4 15.5
48 48 79.3
71 32 88.8
83 25 97.0
86 6 49.4
23 10 10.3
50 7 1.8
87 44 60.6
2 7 59.0
46 42 6.1
92 33 11.8
17 34 48.4
32 37 30.0
45 8 46.4
42 21 11.4
3 43 97.0
90 9 59.7
96 29 78.3
75 32 53.3
42 50 13.4
2 26 7.7
66 47 65.4
78 43 88.5
9 49 27.6
10 9 68.0
92 23 1.1
33 30 92.7
42 6 84.3
43 38 42.9
70 36 12.1
45 47 94.2
3 27 90.2
90 42 94.4
36 8 63.7
7 24 97.9
67 8 3.7
84 40 12.3
26 15 97.6
57 31 85.2
42 22 76.3
0 19 11.8
8 48 16.9
49 37 66.0
60 21 42.2
39 21 18.6
28 13 22.0
96 32 95.1
1 48 99.3
13 27 33.2
38 43 13.7
42 14 24.9
84 34 29.7
53 13 33.5
36 3 3.3
19 45 92.8
8 0 9.1
43 0 9.1
32 48 88.1
34 3 53.3
11 10 70.8
58 33 53.5
29 18 94.1
11 0 49.5
60 4 40.6
14 27 96.2
86 24 43.3
46 10 8.6
53 2 24.0
40 20 8.8
12 6 47.6
53 39 72.8
50 21 6.6
89 9 47.5
38 10 43.7
30 16 80.6
91 14 39.3
64 47 48.9
24 33 45.9
27 10 79.7
49 33 92.9
29 9 44.9
69 41 27.3
41 31 11.1
41 27 69.1
91 26 73.5
2 14 78.1
17 50 84.3
36 22 60.0
23 40 34.7
44 0 90.9
51 35 78.6
58 6 90.6
18 0 17.5
6 37 47.2
79 40 24.3
13 2 27.7
27 28 73.1
44 21 16.2
83 27 37.9
68 28 55.5
86 41 56.7
40 48 28.3
51 48 47.0
45 50 63.3
15 47 12.3
48 30 20.0
76 44 21.4
19 9 41.2
74 37 89.4
15 25 74.6
30 33 3.5
78 12 13.4
76 47 97.3
73 18 18.9
61 22 87.7
27 17 13.4
19 28 25.2
55 41 98.6
48 0 76.2
70 29 51.2
32 33 52.4
3 33 98.2
3 45 80.4
39 48 61.7
36 10 98.3
13 11 2.2
24 35 47.3
96 6 33.5
20 5 60.2
38 14 1.5
36 18 18.1
58 14 89.6
32 31 37.0
32 1 14.9
80 7 61.1
47 29 11.0
80 32 90.9
46 4 8.6
33 10 48.2
25 0 60.0
24 13 48.7
4 35 32.5
95 48 96.8
89 33 49.0
50 12 58.2
25 30 74.8
11 38 17.4
61 46 58.7
73 38 19.6
5 6 16.6
66 28 57.2
94 19 72.3
75 18 42.7
77 43 52.9
5 11 23.7
69 3 95.0
83 13 43.5
18 43 66.9
14 29 77.3
69 34 52.6
77 42 11.4
8 2 40.5
51 50 73.3
94 28 98.8
4 40 88.1
5 31 73.1
65 19 94.4
54 11 40.8
64 41 45.9
17 50 68.9
0 19 52.5
25 27 24.9
37 31 12.4
4 46 76.1
55 1 80.4
15 38 73.7
83 5 8.5
93 41 73.4
68 48 98.6
77 44 17.1
96 32 77.7
70 32 31.2
59 28 27.7
63 12 11.9
82 29 25.8
76 6 83.6
28 35 77.3
66 33 75.3
33 25 69.7
23 37 41.5
92 33 40.1
28 31 87.6
25 12 61.6
11 30 38.9
1 11 87.0
83 8 91.3
73 34 21.7
89 31 42.4
2 26 6.0
90 16 16.1
74 12 60.4
5 42 62.5
79 41 47.4
26 22 10.8
7 15 23.1
84 33 59.5
90 23 68.6
35 15 13.3
81 19 89.8
81 13 88.9
46 44 76.8
84 10 77.7
19 20 54.4
62 16 6.1
31 13 5.7
31 32 31.0
20 1 81.3
9 14 67.7
53 3 11.7
14 30 36.7
6 21 34.0
10 12 83.2
44 50 7.4
3 8 45.8
88 49 37.4
47 41 18.4
43 45 86.7
43 44 33.4
61 7 88.0
32 45 39.2
60 2 42.5
28 9 65.4
53 25 71.2
46 2 58.5
69 46 63.3
34 45 41.4
29 37 32.2
59 45 89.2
78 26 9.0
0 20 39.2
35 0 22.1
44 5 11.9
72 9 48.8
58 35 13.6
87 1 52.2
90 18 35.8
7 6 40.0
40 1 97.7
7 22 20.8
88 30 48.1
68 20 72.2
34 30 87.9
75 29 89.1
54 42 35.8
13 5 48.6
43 24 73.0
39 9 50.0
12 42 55.7
50 3 15.1
81 17 61.4
41 26 7.8
23 19 22.6
55 4 49.4
83 12 52.0
12 3 57.5
72 50 94.9
67 33 13.5
91 23 42.2
43 12 95.5
40 13 91.4
44 39 78.0
12 5 36.6
70 49 38.1
82 3 91.2
30 23 51.7
95 40 21.8
89 35 99.3
26 0 74.5
80 35 17.6
31 25 53.9
72 39 64.6
29 19 18.4
68 44 80.0
36 48 85.0
95 28 9.4
39 25 15.3
69 44 66.0
89 31 6.6
95 13 70.1
56 42 76.8
92 7 25.5
45 19 30.6
27 49 69.1
30 43 26.3
59 21 3.4
72 7 94.0
52 7 43.0
69 15 73.6
51 50 32.7
81 10 36.7
1 42 91.8
26 24 81.5
40 48 5.4
86 25 38.9
42 37 48.4
61 41 96.7
54 44 39.7
35 18 53.2
76 38 0.3
55 9 61.8
31 22 82.8
6 24 75.0
26 35 36.9
65 6 47.7
23 26 5.4
11 13 14.8
96 40 66.2
23 13 8.0
25 2 41.8
12 47 90.5
76 26 52.5
66 3 35.2
69 40 49.8
69 8 21.0
30 24 26.5
35 7 57.5
21 41 78.2
50 3 27.6
31 49 73.0
33 1 32.3
87 38 20.2
43 45 98.8
0 7 51.7
79 0 66.0
81 8 6.8
91 6 42.6
72 5 37.9
68 42 77.1
22 16 41.8
44 46 54.0
52 13 34.6
57 12 44.0
72 42 69.8
64 48 94.8
17 23 20.2
49 0 57.7
90 6 62.9
89 13 81.5
38 35 96.3
76 27 99.2
62 24 28.8
10 21 59.6
49 31 46.1
38 35 34.5
80 49 46.1
10 1 45.7
46 34 56.7
74 35 83.1
35 41 28.5
62 35 92.4
76 31 0.7
81 10 54.6
56 24 46.2
18 38 3.2
39 18 65.4
14 0 83.4
71 41 49.1
19 6 30.7
29 12 5.6
84 1 57.1
39 48 62.3
20 10 14.1
0 27 29.0
27 38 88.1
36 13 87.9
56 29 0.4
75 12 51.2
68 21 50.9
93 17 97.4
16 42 89.8
50 1 60.2
55 4 23.2
85 29 2.7
90 31 18.9
49 13 32.5
94 40 26.1
38 8 93.9
9 47 17.3
0 14 16.7
11 15 66.7
24 45 58.4
63 3 53.3
43 13 86.1
32 40 39.7
26 48 89.7
66 43 73.9
73 30 46.3
47 30 41.1
6 45 60.1
11 19 17.1
4 32 74.0
31 17 5.8
0 41 76.5
73 23 64.4
90 11 75.7
78 43 64.1
84 6 55.9
25 32 64.5
49 31 86.2
5 15 62.4
61 26 17.5
90 30 22.3
43 14 50.7
68 48 92.5
27 3 74.3
9 45 31.6
70 47 97.4
48 10 84.2
80 26 2.6
61 12 91.9
49 40 43.7
37 46 67.9
42 31 45.0
53 21 37.4
95 46 23.7
17 48 39.8
68 42 13.0
81 50 2.7
61 33 81.5
25 25 87.3
43 25 77.2
48 16 35.2
54 1 10.1
41 11 25.2
43 20 24.3
81 22 90.1
16 41 40.3
48 37 34.1
73 18 43.1
60 13 75.2
65 13 10.6
55 10 27.8
86 23 13.3
39 43 74.1
39 41 43.4
5 28 82.8
44 19 61.3
19 16 43.0
47 37 22.8
64 35 45.3
19 7 39.8
35 23 73.7
44 3 81.8
76 19 52.2
53 15 43.4
21 11 12.1
26 24 30.9
84 32 11.8
15 12 43.7
29 6 92.5
75 20 16.6
16 35 84.7
41 39 73.2
53 20 2.4
66 12 56.5
66 25 57.9
38 22 61.3
31 28 64.0
77 10 12.3
7 31 86.2
94 3 92.5
18 43 28.9
92 37 91.5
81 43 57.4
41 41 85.5
40 36 57.8
40 41 55.2
12 28 62.9
51 23 74.3
32 44 16.7
45 41 62.8
50 28 15.5
85 23 92.9
93 37 77.5
34 49 25.5
38 26 8.7
18 38 35.6
68 33 68.7
89 32 52.1
31 41 53.0
93 41 29.0
10 17 52.2
73 26 89.6
7 45 13.7
83 50 80.5
72 17 42.5
82 25 13.2
62 34 6.5
21 17 13.3
58 17 20.0
68 40 19.1
58 12 0.7
96 49 94.4
2 41 83.6
50 29 52.0
0 46 80.8
57 12 43.4
38 40 17.2
12 27 78.7
45 46 24.5
7 39 82.6
72 43 85.5
37 23 21.2
46 12 31.8
38 8 59.9
46 20 86.0
20 26 1.1
84 16 78.1
35 5 5.9
40 31 89.3
49 49 32.6
34 1 2.1
16 20 45.6
74 21 40.8
7 32 76.7
58 25 6.2
57 22 36.2
26 39 3.1
5 11 59.6
61 8 77.3
79 23 62.3
70 16 93.3
72 32 19.3
59 42 79.2
12 15 10.0
56 45 79.6
8 38 79.7
84 41 56.6
2 46 10.5
65 33 79.2
37 6 27.8
57 23 6.9
56 9 48.7
38 39 27.2
19 4 63.4
86 14 71.2
20 12 9.5
78 5 41.3
16 21 3.2
35 36 7.2
29 38 79.4
28 22 34.8
87 14 88.5
49 40 49.5
85 40 63.0
83 46 97.7
95 48 73.6
76 2 13.9
38 17 78.3
9 50 53.8
30 26 8.0
36 8 37.0
39 9 55.6
38 28 36.9
27 22 73.4
70 46 51.4
20 42 72.9
74 39 11.2
13 8 3.2
15 16 26.1
46 10 81.2
0 31 1.9
61 1 83.9
48 24 72.0
29 9 14.4
77 20 99.9
46 40 12.4
23 6 20.2
41 25 54.0
58 46 35.0
23 27 88.7
48 39 99.7
86 19 19.2
35 31 76.1
54 3 87.2
77 31 98.0
7 2 71.5
29 47 29.4
62 11 71.0
48 15 42.0
41 45 89.4
26 21 31.4
7 30 81.4
50 4 34.7
86 13 91.7
35 43 32.0
76 20 46.6
54 31 81.8
5 22 93.9
64 46 67.2
30 50 77.2
11 31 7.3
24 6 58.8
68 18 67.3
20 24 80.4
31 33 87.9
7 41 75.1
49 13 42.7
34 10 17.4
55 38 47.8
82 31 61.5
51 42 40.6
31 50 21.1
26 46 3.6
79 27 72.9
75 10 80.1
63 35 44.9
37 8 50.5
14 40 23.7
11 33 52.0
45 11 21.7
84 20 13.2
69 3 84.3
87 0 36.7
72 19 43.2
8 1 47.1
63 22 69.0
86 24 55.7
15 11 80.8
54 32 78.8
93 1 21.0
41 14 63.1
75 5 91.9
34 12 86.6
9 25 66.2
82 33 44.9
31 30 72.9
2 40 53.3
24 50 33.5
79 18 76.8
53 46 29.1
91 12 88.2
70 48 33.2
62 30 29.1
55 11 92.5
74 35 98.9
24 6 54.6
26 42 69.0
48 24 88.9
69 8 70.5
95 30 28.4
96 15 84.9
56 27 43.1
79 13 87.9
54 35 94.7
25 11 19.9
59 38 35.7
68 41 41.6
33 18 35.9
60 8 24.9
76 4 27.7
15 42 9.5
73 50 44.0
17 44 63.0
22 42 34.3
23 49 73.7
84 44 8.9
26 41 2.5
61 19 14.3
10 10 69.3
9 37 68.5
75 20 92.7
12 33 53.7
19 5 68.0
29 1 8.2
25 25 71.5
64 9 44.7
5 41 48.2
75 13 23.2
18 3 5.9
29 1 86.6
54 13 9.7
37 36 2.4
19 9 50.0
52 18 80.4
89 13 73.6
60 38 65.3
64 42 3.4
41 14 89.2
19 19 84.6
31 0 23.3
60 34 98.5
96 36 66.7
69 42 34.5
91 10 24.0
51 37 60.6
67 17 87.0
78 35 22.3
71 24 97.3
66 29 65.5
48 42 90.4
86 10 28.1
76 27 45.0
56 45 17.8
27 13 96.3
6 0 63.4
87 39 27.9
71 20 93.3
54 30 8.6
65 28 33.1
32 38 2.0
58 16 20.9
38 15 61.8
35 25 83.0
9 5 33.4
56 45 41.7
2 48 44.3
22 20 55.3
91 5 57.0
25 8 44.6
53 11 42.1
72 21 53.0
95 2 62.9
33 0 69.0
85 8 32.3
76 23 51.1
68 41 11.8
80 5 77.1
73 22 2.0
12 31 42.9
4 10 55.7
49 41 88.2
27 35 57.2
33 46 59.9
91 9 72.8
93 0 86.6
4 1 83.6
1 22 35.1
72 45 73.2
22 28 18.7
7 41 28.9
4 45 90.4
48 41 77.5
71 31 40.2
59 32 20.7
56 32 9.8
76 13 69.3
74 26 61.8
26 0 59.2
52 27 16.2
25 18 45.9
61 48 40.3
47 21 40.8
48 3 24.4
40 25 73.2
22 21 49.3
46 31 87.4
41 21 89.3
12 7 73.3
61 20 20.6
63 11 54.8
32 36 93.0
54 45 46.3
53 27 19.1
75 30 81.6
22 21 29.4
71 29 88.0
13 23 66.5
0 43 54.5
28 44 30.8
62 5 51.4
18 50 83.7
19 27 91.2
9 5 68.3
47 6 50.4
30 45 87.2
7 3 25.4
6 22 97.0
94 7 90.4
41 19 42.7
80 41 70.0
66 41 75.0
86 33 54.4
55 48 29.5
9 37 47.1
62 4 60.3
38 47 41.6
72 24 94.4
8 11 69.1
89 30 42.5
73 9 54.2
22 17 63.5
29 35 46.9
14 25 25.3
81 41 32.6
42 18 49.7
75 46 35.4
46 24 11.5
73 35 28.3
70 24 85.3
14 31 53.2
2 2 42.1
16 32 25.6
79 34 51.6
7 3 76.7
47 43 44.9
17 20 44.2
22 7 53.4
61 11 82.6
45 44 22.9
19 14 82.0
36 16 17.0
22 2 40.4
25 16 86.2
52 44 5.4
0 2 23.5
35 11 67.4
21 42 79.8
34 24 67.7
83 3 90.4
19 46 87.3
58 41 63.7
28 19 15.1
14 11 24.8
86 7 0.6
72 30 46.2
57 8 56.5
51 5 0.0
93 30 72.3
45 38 72.8
30 4 98.5
55 46 20.7
85 27 26.6
65 30 43.9
70 13 73.9
43 26 38.3
26 49 81.1
23 42 49.6
90 16 13.5
1 34 8.2
53 21 39.1
68 30 71.3
49 23 10.9
85 8 69.4
85 48 34.5
48 37 20.8
54 31 0.4
43 13 62.6
94 9 41.6
0 30 16.1
28 47 11.2
31 40 97.2
68 34 26.2
12 43 70.1
75 5 59.8
71 16 78.3
79 48 59.5
35 22 9.6
51 38 8.5
11 14 69.0
53 27 28.6
81 26 75.4
79 27 15.8
53 20 85.6
71 41 30.5
59 16 56.4
59 16 22.2
49 15 14.0
31 9 91.7
27 17 16.0
11 45 75.9
6 35 7.5
17 3 0.6
54 50 68.9
61 31 99.5
76 17 31.1
73 43 9.2
56 22 51.5
5 27 57.5
3 47 18.6
27 20 5.4
20 21 89.2
26 42 82.7
2 32 52.1
88 25 4.9
45 12 84.4
15 33 41.6
56 43 21.0
55 38 27.6
30 8 54.6
86 50 75.6
39 33 59.2
13 23 99.7
10 25 2.7
1 22 23.2
48 41 68.9
10 13 81.5
19 28 28.2
36 33 31.4
4 24 56.7
12 34 89.2
48 12 9.4
56 36 8.3
39 22 34.0
65 13 64.8
85 25 86.2
42 40 12.8
12 23 31.7
15 31 99.7
73 22 9.1
76 14 6.3
35 23 26.2
21 38 10.7
94 32 75.3
20 8 41.5
74 7 57.1
68 20 15.7
84 40 72.8
7 23 92.4
41 27 48.0
18 30 8.4
29 0 37.9
59 45 88.0
36 6 49.2
64 46 39.1
52 22 59.5
51 48 88.3
50 48 40.3
34 1 98.9
90 45 77.9
2 45 26.9
47 29 10.2
49 3 51.0
8 29 21.2
50 15 91.2
27 26 95.3
45 18 60.0
20 37 32.0
13 9 4.1
60 9 71.2
94 29 5.3
91 50 34.4
67 24 76.3
88 29 36.4
64 12 68.0
21 5 88.9
91 32 48.8
79 23 94.7
68 42 71.8
56 40 48.5
96 16 61.8
65 5 96.1
20 31 76.6
56 35 21.7
21 40 11.4
38 8 99.3
27 6 61.5
79 49 50.6
43 41 33.3
28 10 78.4
44 13 13.4
51 10 31.2
34 38 65.7
36 12 67.2
86 37 13.3
61 43 87.6
44 36 31.7
57 19 11.8
59 44 38.7
81 26 30.4
86 12 58.3
83 18 73.0
13 42 77.6
68 29 92.4
34 5 35.9
15 34 19.2
1 46 83.6
89 36 43.4
26 2 53.1
54 48 6.6
58 10 65.0
80 48 4.9
54 50 49.7
43 36 52.2
46 39 14.9
94 26 37.4
95 21 32.1
23 20 16.0
24 13 82.8
54 46 2.4
58 6 7.8
68 27 42.7
82 30 19.1
59 19 16.1
19 8 39.2
38 6 37.8
1 21 3.8
6 1 70.1
87 40 80.8
93 14 33.8
21 10 29.8
85 19 46.1
19 15 0.3
33 38 7.8
67 47 50.3
9 36 97.5
96 29 29.2
66 34 40.9
28 33 41.8
7 14 4.4
69 41 24.7
81 19 5.3
43 16 40.6
0 34 96.9
58 7 76.3
94 8 5.2
40 42 66.3
20 37 48.5
5 20 90.2
82 27 9.4
9 13 43.3
9 48 15.8
46 19 71.6
32 11 97.4
51 34 7.3
2 45 41.8
82 28 15.8
29 10 50.3
84 25 29.0
56 50 6.4
1 24 11.0
10 22 14.9
78 43 45.1
32 24 30.8
47 45 42.9
84 17 95.8
28 18 63.2
53 10 75.5
41 45 38.1
53 44 60.7
29 25 48.5
48 39 85.4
55 6 33.7
55 28 4.1
84 49 29.3
17 45 53.8
69 7 60.9
53 48 16.4
39 31 50.5
42 34 35.8
75 48 76.7
63 23 2.3
80 8 86.8
76 15 80.8
79 45 65.3
11 7 47.3
67 21 47.6
19 50 2.0
80 19 35.4
60 25 33.2
4 44 0.9
74 31 85.7
39 7 55.1
23 13 14.8
1 23 50.0
89 17 91.6
94 50 46.2
44 26 56.0
84 4 18.0
38 38 19.9
74 39 91.8
83 3 1.3
59 1 25.7
96 32 56.0
37 16 34.7
13 20 15.5
79 44 49.7
88 2 76.8
83 11 2.3
87 44 57.1
76 46 95.1
31 27 59.3
34 16 1.0
23 33 68.6
36 24 96.8
73 17 15.6
21 38 71.4
65 7 97.8
43 2 24.4
6 28 67.5
62 3 53.2
77 45 49.6
92 13 51.9
65 31 90.7
86 9 56.4
88 47 11.3
51 27 24.5
36 44 79.4
69 1 99.5
26 19 60.1
23 4 77.0
22 12 61.9
3 32 85.3
35 50 45.7
2 12 90.8
96 46 58.5
67 31 16.5
73 35 52.6
48 49 73.6
22 20 96.7
7 31 16.7
30 16 0.2
39 6 62.5
81 35 27.3
56 11 7.5
65 48 53.3
79 32 38.4
34 18 21.5
52 34 35.9
62 19 6.5
5 44 58.2
83 45 6.5
0 11 96.7
67 12 11.0
78 1 46.9
84 49 30.4
24 10 51.3
13 20 98.5
45 35 11.8
95 35 26.6
31 34 58.1
17 5 35.5
4 10 83.3
30 32 5.8
44 49 34.3
21 13 79.3
66 35 2.4
7 24 78.4
63 21 49.7
48 12 61.3
63 15 26.9
86 23 59.3
36 30 71.0
5 38 5.9
62 20 73.6
32 24 76.6
49 44 85.1
35 22 46.4
95 1 3.5
42 47 45.9
14 43 70.9
62 35 27.0
33 29 40.3
90 29 38.4
18 34 21.0
67 9 58.6
45 31 46.1
51 27 83.0
28 11 55.1
31 34 8.9
35 34 15.9
78 25 34.5
87 27 11.2
18 37 83.7
95 29 25.9
37 43 80.8
39 36 21.4
12 42 40.1
93 45 61.3
73 35 79.2
69 11 40.5
50 6 37.4
75 8 55.4
19 2 70.8
85 39 90.6
29 50 33.2
81 28 55.8
49 27 18.2
44 19 33.9
72 50 31.0
14 40 55.0
45 2 74.9
72 21 49.3
29 14 50.5
50 11 96.6
9 32 6.4
6 23 72.7
45 23 9.8
4 9 76.9
93 22 42.6
72 47 79.6
89 13 94.5
55 9 15.0
9 39 74.0
87 8 47.0
1 39 17.5
0 50 48.8
4 30 54.4
59 47 20.9
70 40 5.5
25 42 73.7
35 39 39.6
42 0 31.6
41 22 59.7
11 19 62.5
50 43 37.8
66 20 54.4
59 35 82.4
0 29 19.6
0 35 15.6
77 8 32.2
2 34 29.2
74 4 49.2
64 39 58.9
96 23 94.2
18 19 87.7
4 6 70.5
69 10 30.3
85 43 7.1
31 27 45.3
93 1 79.2
56 12 35.4
69 46 22.1
2 41 1.6
71 44 95.8
82 15 56.5
44 15 66.2
48 9 95.1
85 11 20.2
62 11 32.4
61 24 50.9
55 5 23.7
47 48 36.3
91 37 24.7
42 19 33.9
64 32 12.4
49 44 88.7
68 11 36.9
23 47 36.2
16 38 70.1
86 48 16.5
35 4 88.1
0 41 60.9
48 43 62.1
62 20 29.2
53 21 42.1
81 31 57.4
4 14 86.8
7 7 16.6
65 41 94.7
4 31 27.9
53 14 38.2
27 17 65.5
44 26 16.4
54 21 73.1
43 22 13.4
20 24 41.0
11 21 65.3
38 30 51.4
53 31 87.9
30 1 12.8
92 31 11.1
68 24 14.7
49 24 25.1
71 3 30.3
35 37 47.4
57 43 56.7
8 30 15.7
92 20 3.7
77 23 49.2
96 27 14.2
40 18 94.1
54 32 17.7
88 10 72.3
65 20 60.5
87 4 31.2
32 30 97.7
49 43 33.3
84 9 0.5
11 4 31.7
79 46 40.9
56 8 88.8
33 0 60.3
95 41 52.1
89 40 79.3
46 45 60.3
46 45 47.2
9 42 93.0
69 39 96.6
82 46 54.7
55 19 15.2
84 47 95.1
30 7 87.8
16 11 58.6
61 39 90.5
87 10 66.7
59 21 53.7
38 12 70.0
47 31 1.5
42 22 2.2
14 35 72.2
94 11 61.4
18 7 49.2
84 6 60.5
86 46 37.8
58 22 46.6
94 26 60.6
20 14 2.6
85 31 84.4
53 41 85.1
33 43 32.2
21 17 27.3
21 44 93.2
69 26 12.4
83 30 51.4
46 4 87.3
54 38 49.4
75 19 65.7
69 50 33.6
88 18 98.4
72 32 22.0
18 8 54.1
82 44 28.0
90 31 6.7
7 27 37.8
54 41 28.9
22 26 90.9
16 15 66.2
77 31 87.1
51 12 4.2
38 5 4.3
29 23 71.4
71 40 76.3
92 38 18.6
76 47 68.2
20 29 48.2
77 40 56.2
47 9 65.9
53 8 75.0
86 34 15.4
77 50 93.0
16 50 79.0
57 13 14.1
37 19 77.4
34 13 83.2
56 15 97.8
5 1 90.1
30 42 73.4
83 28 84.0
66 44 6.7
94 9 28.7
81 31 43.6
14 34 31.8
93 49 18.1
62 3 22.1
91 0 28.0
69 18 89.7
15 7 49.6
57 3 93.0
9 32 50.9
75 12 71.2
15 4 57.2
9 27 12.3
53 21 39.2
32 50 66.1
22 49 22.5
5 27 50.1
91 47 59.3
42 49 80.1
92 21 89.5
76 21 34.4
57 13 88.2
53 4 16.0
50 8 10.9
78 21 26.9
39 19 25.9
94 19 56.8
18 41 35.7
94 31 76.1
26 25 35.3
86 27 83.2
35 38 59.9
65 14 57.1
80 50 71.5
29 19 92.8
88 18 8.4
9 28 55.2
22 25 4.0
92 26 2.4
43 5 8.8
71 23 25.4
64 48 57.2
24 48 53.8
86 35 48.4
75 29 64.9
57 2 1.7
39 41 80.4
6 50 98.8
33 18 79.8
31 35 20.9
64 43 89.2
72 27 86.2
84 0 12.9
17 40 45.6
13 41 52.1
54 39 90.3
68 39 22.5
46 15 37.9
22 30 69.1
63 12 6.3
58 23 8.0
84 12 78.6
93 14 46.2
31 3 78.8
13 11 30.8
60 38 33.8
91 46 49.1
46 13 80.4
76 48 62.4
74 7 58.3
95 11 8.8
86 26 94.6
22 47 17.6
37 29 59.4
1 23 48.9
75 10 29.9
30 40 31.2
40 46 0.2
7 35 16.3
60 19 55.9
54 31 58.8
79 27 75.8
57 22 12.8
67 43 89.6
29 14 26.0
75 12 65.3
20 35 90.1
80 19 23.2
53 15 13.7
21 4 68.5
75 48 71.7
82 20 20.0
56 10 47.5
22 46 0.2
37 34 72.1
82 33 49.0
92 15 54.1
26 12 60.3
45 12 59.0
77 48 53.6
13 33 59.2
55 39 17.5
44 3 93.3
49 30 12.3
53 8 32.7
73 11 61.5
33 49 54.2
84 22 58.1
62 11 1.7
68 5 12.9
61 43 21.3
47 34 66.1
85 8 46.2
43 23 61.4
39 15 71.3
36 12 13.2
44 39 11.0
5 47 60.0
11 19 24.0
81 42 12.7
75 29 42.1
0 27 9.4
8 31 14.2
22 2 24.6
84 35 17.7
17 34 36.9
16 49 59.3
28 19 20.9
35 30 33.5
34 22 11.0
4 1 92.3
93 39 94.6
65 36 48.6
0 15 31.5
54 35 75.6
69 45 8.6
24 5 20.1
8 15 97.7
6 35 59.5
69 46 81.9
60 33 44.6
6 46 66.2
12 22 37.5
40 26 73.6
67 50 54.0
88 47 51.2
23 44 9.1
4 2 12.0
14 27 47.3
43 50 88.8
34 35 26.3
1 46 94.4
8 42 95.1
70 1 12.4
63 23 22.1
3 10 15.2
34 37 24.2
86 15 32.6
32 39 60.0
7 1 33.3
41 29 33.4
80 50 79.3
91 32 10.0
57 21 94.6
18 24 1.7
4 39 32.2
27 9 15.5
7 20 64.2
24 48 94.0
69 35 26.8
55 13 10.2
21 6 38.8
4 13 75.7
14 19 67.0
15 12 57.1
61 20 11.6
17 18 24.4
88 25 15.5
22 48 83.4
46 3 14.5
25 30 29.6
62 26 65.4
44 19 96.3
37 7 63.0
56 5 37.7
54 14 97.7
96 23 23.0
20 44 3.5
82 25 69.0
32 37 62.5
65 22 8.5
45 32 81.7
68 3 32.8
50 37 87.5
9 18 30.1
35 46 10.2
25 25 57.4
59 10 52.3
78 19 39.9
75 8 23.1
27 28 30.4
78 32 66.7
93 48 76.9
25 15 44.4
74 50 71.6
79 3 59.1
51 43 3.2
94 16 32.5
10 21 75.8
53 36 18.5
96 10 96.8
70 29 32.9
31 20 58.6
82 45 91.4
2 50 48.3
85 14 24.9
85 41 74.7
62 0 71.5
35 3 50.4
52 25 9.7
86 0 6.8
7 3 10.7
92 49 48.5
14 45 47.0
71 30 87.9
85 31 21.4
82 23 60.1
40 34 2.3
16 2 93.8
75 6 72.2
49 44 65.4
85 7 49.1
7 22 36.6
67 29 72.0
33 42 9.9
57 41 37.8
3 47 89.9
46 22 74.9
96 50 97.9
74 8 92.5
34 35 32.5
36 2 16.5
19 25 4.8
83 36 7.3
3 27 10.9
57 18 47.0
81 4 65.3
35 47 16.9
11 6 87.0
29 31 37.1
61 12 3.4
5 45 45.6
74 0 26.3
87 45 69.9
96 9 96.8
53 36 29.8
73 20 47.7
79 1 85.6
5 7 33.9
89 31 62.8
67 20 85.2
50 14 13.9
71 33 65.8
54 1 62.8
14 12 98.7
27 32 80.2
1 18 11.7
1 36 28.0
75 40 92.9
47 19 4.2
59 40 88.3
39 50 86.1
34 10 57.5
16 8 90.0
2 18 18.1
76 29 99.5
94 22 36.7
63 15 3.0
8 4 5.6
37 31 54.9
42 34 10.4
65 49 78.3
59 5 59.3
49 26 46.4
76 10 25.9
31 14 51.5
10 12 34.3
53 6 80.4
48 38 50.5
49 19 38.9
37 21 76.8
64 27 99.1
25 13 57.2
50 20 86.4
11 33 54.4
56 16 11.2
24 21 71.8
63 9 95.0
65 36 50.6
80 49 65.0
91 5 69.3
60 5 75.4
23 30 88.0
87 32 76.8
89 43 48.2
8 26 45.2
78 30 64.6
31 42 4.7
91 40 98.8
41 24 0.2
31 23 85.3
7 39 99.3
12 27 49.0
78 49 92.6
30 25 9.9
55 47 10.7
6 43 71.8
44 49 90.8
71 9 81.9
58 39 80.1
78 9 52.9
48 14 35.8
27 49 53.3
48 49 91.6
77 33 35.0
84 33 37.3
53 10 64.6
93 23 73.7
16 8 33.0
15 38 72.2
37 33 47.2
90 10 96.8
53 24 8.9
64 35 98.2
28 22 8.0
94 43 34.5
47 18 48.0
11 42 47.1
80 5 44.9
46 35 85.7
46 8 42.4
30 41 25.0
28 25 44.7
71 11 53.8
17 34 46.1
41 9 46.1
35 38 15.6
52 30 40.0
63 38 1.4
88 5 59.1
45 4 95.3
60 19 15.9
4 35 8.0
95 14 94.4
67 18 79.4
88 13 21.7
88 35 91.2
75 15 6.8
74 39 99.9
78 46 37.1
16 15 83.8
73 6 81.8
44 42 32.5
59 21 69.2
81 38 0.0
34 30 76.0
38 32 20.9
62 49 74.5
56 23 95.6
96 46 94.4
1 28 42.8
86 21 68.3
10 39 22.8
14 17 46.0
77 47 62.7
37 29 38.7
18 44 46.4
78 48 62.8
71 14 79.4
62 7 1.8
15 25 14.9
73 35 99.2
70 32 42.4
76 21 3.6
40 5 3.5
17 45 76.1
9 26 43.5
26 43 16.9
60 15 71.7
62 40 57.6
18 0 57.9
65 23 25.4
16 21 7.2
18 10 64.8
20 37 38.5
52 50 63.1
69 36 95.6
89 35 62.4
51 46 47.7
55 25 22.4
44 21 82.2
10 9 23.3
19 22 4.3
27 34 40.2
47 4 38.7
33 29 49.0
0 37 91.3
14 30 53.0
46 25 96.0
93 39 99.1
29 45 78.9
18 8 98.2
90 24 96.2
21 40 31.1
59 21 56.0
21 16 13.6
74 27 56.9
40 5 89.1
95 28 28.5
23 10 89.8
95 19 84.4
95 14 87.7
42 19 53.5
10 35 18.5
37 15 93.1
59 41 46.0
65 4 23.9
54 30 28.2
79 43 75.5
80 5 69.1
33 28 28.8
77 34 96.5
6 17 35.7
35 32 53.3
6 10 70.0
21 37 60.7
13 18 73.5
72 43 81.9
34 38 82.3
10 30 91.4
34 30 13.4
95 37 3.7
20 43 42.4
46 5 43.6
78 10 48.6
21 43 66.0
1 24 97.7
40 25 79.3
93 26 37.9
52 24 60.8
38 31 69.4
73 15 82.8
1 16 60.6
68 36 5.6
24 13 50.9
37 45 55.2
56 7 39.3
84 1 99.0
60 29 71.0
17 18 48.9
72 41 98.2
61 38 87.4
48 15 71.0
18 48 4.7
41 48 42.5
61 45 39.6
84 37 2.0
72 7 85.4
87 46 73.3
27 44 32.2
88 13 11.2
5 13 3.2
76 6 78.2
88 37 26.5
65 9 91.0
50 29 49.7
58 47 53.1
23 20 60.7
25 6 56.1
35 28 24.6
76 27 74.6
75 33 25.0
25 50 37.1
4 2 5.1
90 24 27.4
8 41 86.8
41 44 70.0
40 11 92.1
96 24 17.7
71 13 30.1
76 34 86.0
60 28 33.8
94 44 37.7
40 3 82.5
25 4 31.4
35 0 94.8
83 24 49.2
7 14 95.2
62 6 2.7
80 29 14.4
3 32 10.3
43 17 77.9
89 16 22.7
30 48 6.4
56 4 14.2
51 18 56.3
54 14 5.0
43 13 77.0
40 3 28.8
73 36 37.2
34 30 86.9
19 19 32.9
36 4 43.8
28 6 15.7
3 15 97.2
35 10 97.8
15 13 66.7
2 29 35.3
59 27 14.7
34 32 0.3
81 42 53.8
70 36 13.2
94 28 67.8
17 10 70.1
26 5 58.0
1 19 61.7
87 17 31.7
26 46 46.0
8 20 92.3
68 49 46.7
71 10 71.0
62 19 70.9
95 39 47.4
78 31 5.2
89 11 54.8
69 44 38.3
9 30 2.2
19 18 2.3
56 2 89.3
50 5 84.1
67 36 14.6
68 19 31.5
93 39 35.1
76 36 93.9
74 35 7.6
15 27 39.7
86 19 0.1
93 26 51.6
6 15 49.5
57 28 42.6
79 7 22.0
46 39 94.1
1 20 54.3
60 24 63.3
66 7 99.5
12 6 94.8
24 12 43.6
35 31 97.7
74 23 21.4
55 7 39.8
84 10 50.8
83 39 51.2
95 44 68.1
11 38 92.2
75 31 44.7
39 40 59.0
24 45 62.2
39 47 46.3
93 35 45.3
6 43 74.0
24 29 33.2
31 21 94.1
68 22 10.8
2 11 48.5
44 32 84.6
60 11 99.4
6 50 38.2
94 8 37.0
17 3 49.1
60 18 57.4
61 6 53.9
72 32 33.9
51 19 32.4
1 19 96.5
26 19 48.9
9 1 42.6
61 1 12.9
49 46 87.2
47 45 53.4
33 18 62.2
38 36 61.2
64 25 28.8
51 11 79.0
25 40 80.0
63 5 86.7
54 50 34.9
29 13 54.0
11 16 81.1
56 2 91.9
8 33 89.7
88 45 44.2
24 13 82.4
49 30 76.1
40 15 95.4
51 4 8.8
81 47 55.6
68 48 79.3
14 22 80.5
83 8 38.8
12 7 30.1
63 15 47.0
82 32 82.8
12 0 23.0
82 16 65.1
24 28 39.8
16 43 47.8
3 27 12.7
24 5 79.0
74 42 20.8
64 45 14.9
16 3 72.8
11 20 15.3
94 45 90.9
7 14 15.5
32 45 44.1
9 43 58.7
0 25 34.4
12 50 84.6
39 21 52.3
74 14 39.3
27 7 0.6
11 6 57.8
27 12 31.4
49 19 73.8
62 1 68.7
58 50 95.7
58 11 26.6
58 0 21.7
16 37 73.5
86 18 2.1
60 1 18.3
90 50 13.0
66 7 32.4
10 7 69.5
93 18 32.6
94 48 43.4
11 10 63.1
76 48 78.7
51 28 47.9
55 14 83.3
35 28 47.2
45 2 30.1
14 36 72.9
82 13 26.8
23 35 29.7
2 19 47.7
54 9 45.0
26 9 43.3
28 21 2.7
75 50 29.7
74 36 6.5
65 17 71.9
92 7 59.0
29 24 56.7
22 4 11.1
92 28 7.3
96 37 70.5
84 24 9.7
3 27 1.4
18 14 36.9
88 31 70.6
83 30 90.3
72 23 48.0
12 31 19.6
87 35 65.1
2 4 63.8
34 50 76.2
89 38 20.6
70 42 55.0
13 50 56.8
59 18 42.8
61 16 14.9
88 11 81.8
43 3 99.5
50 24 84.4
68 1 30.2
81 20 80.9
52 45 29.2
77 41 21.5
46 12 13.6
68 30 9.9
59 8 61.7
9 43 58.1
70 16 53.3
80 20 4.7
35 50 82.7
18 46 26.3
50 49 47.5
52 38 73.4
4 36 55.4
3 12 10.5
8 33 94.2
20 40 47.6
57 20 13.6
44 21 37.8
24 41 68.3
40 44 47.3
72 36 60.4
86 46 43.1
26 7 91.8
34 46 81.5
57 32 35.1
88 2 39.4
20 48 52.7
94 13 3.0
80 48 44.8
4 30 66.7
27 2 65.0
24 29 85.7
24 40 69.6
66 47 35.7
64 44 90.5
27 21 91.4
95 17 81.9
52 16 9.4
0 34 35.8
65 1 73.0
82 23 3.9
54 8 59.4
88 22 62.8
88 19 28.8
65 39 40.9
89 44 82.1
75 10 48.3
45 33 45.3
36 2 9.1
43 3 35.3
17 34 0.7
56 43 92.8
24 32 88.7
86 44 79.8
77 42 77.0
5 50 17.0
52 32 72.3
95 21 64.7
87 39 75.6
69 13 92.9
96 4 71.2
54 37 7.6
95 9 37.6
78 46 50.5
18 48 71.0
48 27 6.2
94 25 85.2
82 32 37.6
16 8 14.6
55 37 86.7
62 21 94.0
17 43 25.0
66 1 44.1
9 36 41.3
23 32 59.6
51 9 10.3
81 27 11.0
43 14 69.3
72 44 73.4
51 27 30.5
36 21 7.2
65 35 37.4
90 5 83.3
77 47 40.0
92 10 62.5
32 20 91.3
78 47 67.8
29 47 70.1
82 47 64.3
45 35 97.2
4 21 19.9
51 20 65.5
7 47 16.8
60 45 9.4
42 5 46.7
48 29 33.4
2 39 22.8
73 6 4.5
27 34 68.6
50 48 30.0
14 0 60.1
48 25 76.7
90 41 32.0
29 30 64.6
24 32 26.0
12 25 16.7
50 6 80.7
15 11 68.5
41 44 66.3
71 48 52.1
0 18 20.5
40 4 54.5
33 0 81.8
74 31 24.6
39 24 28.5
58 48 14.4
86 10 43.8
87 0 45.3
35 30 55.5
77 34 32.9
95 24 96.9
7 16 3.2
22 46 18.3
92 14 18.4
36 22 14.7
81 23 68.2
83 32 46.1
48 49 83.7
12 32 37.2
28 16 25.7
73 45 75.2
24 17 99.0
52 0 99.1
92 50 16.1
81 40 99.6
55 40 34.4
20 0 16.7
50 7 52.4
16 18 97.6
94 0 53.8
42 5 44.7
22 19 75.1
73 10 24.8
34 15 47.1
94 0 90.0
29 0 36.5
88 44 90.9
73 50 1.0
46 32 55.8
96 18 93.9
65 19 36.0
43 48 20.9
40 7 72.2
54 43 45.7
83 27 45.1
76 21 62.7
72 12 61.9
82 0 76.7
66 19 47.9
26 35 67.1
40 36 92.7
74 18 84.6
87 23 10.3
24 12 67.0
72 21 33.0
2 45 21.1
68 39 48.3
75 8 11.2
8 46 15.0
81 20 91.3
80 1 29.4
79 2 70.7
30 43 17.1
34 49 46.4
96 25 54.9
0 2 80.5
84 41 14.9
37 35 50.5
53 47 92.0
69 9 84.2
88 15 85.4
51 16 89.8
80 25 89.9
60 2 24.4
33 8 33.2
82 9 15.5
36 31 42.5
42 29 18.5
34 23 41.6
53 39 23.9
91 12 48.5
24 42 50.6
38 7 51.0
53 7 15.0
80 16 92.6
82 35 93.1
75 16 8.4
54 34 44.1
38 26 80.9
75 15 18.0
24 37 7.6
62 0 36.2
91 47 62.5
73 50 89.8
89 17 1.0
69 18 9.2
46 37 20.1
87 18 84.5
79 50 52.2
14 14 83.0
48 49 88.2
44 17 59.4
2 0 4.4
26 14 88.9
53 27 10.4
45 17 96.0
2 25 57.1
23 44 33.7
38 9 61.1
54 37 65.8
59 11 77.4
55 12 86.7
10 37 52.7
89 44 37.6
86 46 83.9
90 34 84.6
73 39 86.5
9 13 46.9
75 40 92.2
17 12 62.6
45 49 20.7
54 12 13.6
95 21 86.6
38 12 55.4
83 43 81.8
2 42 0.1
26 26 94.1
45 50 94.7
18 7 62.7
39 1 84.9
31 9 22.7
51 31 86.5
32 30 29.6
67 32 55.0
10 42 98.9
39 45 0.9
80 21 81.3
8 48 8.5
17 14 13.6
44 4 21.7
15 28 48.3
90 45 11.3
68 33 33.2
17 36 75.1
3 18 78.8
29 43 96.7
17 38 16.8
75 42 87.7
71 11 9.8
40 12 65.7
90 37 47.3
62 10 80.6
37 29 57.8
0 25 0.7
18 21 94.3
0 48 99.1
33 31 5.8
94 31 75.4
78 2 24.9
88 19 7.3
51 43 87.9
25 38 4.6
77 46 97.0
41 31 91.7
69 47 10.4
57 8 9.6
50 39 77.8
28 50 70.7
10 26 77.2
33 32 26.8
90 14 8.2
39 45 20.7
17 6 11.2
31 28 47.4
41 17 84.4
22 11 16.1
90 43 58.2
37 6 69.9
46 35 92.0
51 17 29.6
73 9 80.4
25 11 49.0
7 20 73.0
67 32 64.9
5 36 32.4
32 3 9.4
49 44 63.4
73 32 92.1
40 4 37.2
62 31 66.3
85 44 92.4
84 38 39.4
41 42 18.9
13 5 85.1
2 50 0.9
45 45 10.4
16 48 16.9
67 36 89.8
43 28 91.5
33 6 58.0
87 10 51.8
2 18 81.4
67 9 42.6
29 21 74.5
59 30 8.2
0 43 8.4
76 11 1.6
49 4 71.2
58 45 75.4
48 29 43.0
91 50 61.3
78 38 79.5
30 13 38.8
22 19 49.1
7 19 78.7
22 48 29.6
34 21 37.5
85 27 91.0
39 39 15.3
90 42 81.7
60 11 46.3
14 21 29.8
96 20 36.6
79 26 96.5
9 50 23.4
41 45 45.2
32 23 12.3
17 9 93.9
96 36 22.0
93 49 4.4
82 47 40.5
62 22 34.7
96 30 61.5
83 40 57.2
26 24 50.4
45 6 33.2
22 12 37.0
52 45 9.1
3 42 26.7
7 45 91.3
96 34 9.3
20 2 9.9
1 0 76.8
69 23 73.2
96 18 93.9
93 11 28.4
93 18 49.7
65 31 94.5
1 48 6.4
82 36 98.2
70 35 93.8
15 1 13.8
50 25 64.5
27 5 71.8
14 45 59.5
82 22 36.6
61 16 45.2
69 9 36.9
75 37 1.9
21 46 24.3
7 30 70.8
80 30 86.0
44 31 54.9
51 4 28.1
2 34 58.3
24 17 23.7
39 50 32.4
21 2 61.1
1 23 60.6
95 8 72.6
80 32 77.8
14 6 67.5
89 20 1.9
96 14 53.0
80 27 90.1
73 38 95.5
53 4 91.4
25 48 2.1
59 37 33.1
51 9 47.3
5 20 81.2
40 46 51.8
69 21 26.8
82 50 68.7
90 39 43.3
11 15 58.6
46 42 68.2
55 37 18.1
91 0 64.0
22 40 97.6
72 8 51.9
56 48 48.5
7 21 68.0
53 40 41.0
37 43 24.9
47 18 37.7
4 19 24.4
88 30 22.3
57 30 68.8
16 10 66.1
0 32 70.8
43 41 93.4
71 26 84.4
67 36 17.2
0 14 83.7
51 6 97.9
6 9 41.6
88 50 8.1
72 7 64.9
31 25 14.3
9 41 80.9
32 50 74.2
19 28 66.5
59 15 71.5
62 43 65.7
42 4 32.5
53 4 86.4
64 24 20.6
14 43 80.2
80 33 37.1
23 43 85.9
9 21 56.7
80 7 46.0
56 23 11.1
57 27 2.7
36 5 67.7
43 46 83.3
17 23 36.3
77 38 69.1
13 47 19.9
30 39 83.6
95 12 9.7
54 47 16.3
59 27 39.4
29 28 45.3
42 8 28.8
45 38 48.4
40 25 74.6
27 35 59.3
29 45 26.1
15 19 7.3
67 0 76.2
79 19 76.6
10 46 75.5
9 43 35.7
35 12 71.8
34 3 77.6
92 36 9.7
51 43 38.2
57 7 22.0
42 14 42.8
92 14 20.7
12 25 36.7
91 0 19.2
57 18 52.0
48 29 54.2
29 2 22.4
9 33 49.0
43 28 68.3
32 41 64.7
51 4 61.1
16 38 82.0
73 27 66.2
51 45 25.2
95 36 12.9
3 0 31.4
55 17 42.7
30 30 70.2
63 42 10.4
47 12 54.6
81 38 48.0
61 29 31.3
76 1 25.2
79 2 49.7
45 7 27.0
69 46 68.7
63 22 4.2
56 26 43.7
76 24 76.8
1 41 26.3
34 15 85.7
91 48 96.4
20 23 14.0
44 43 45.7
21 37 81.6
66 50 1.5
30 32 91.6
12 41 28.3
22 24 31.4
25 49 41.4
77 44 23.8
26 2 82.2
4 13 42.0
86 29 39.1
62 39 8.6
93 2 63.3
20 16 45.1
81 47 54.5
31 46 79.1
58 46 44.4
45 11 3.7
56 15 44.5
69 34 70.1
78 8 88.9
21 5 1.2
86 29 85.3
63 6 22.4
34 44 5.0
10 32 3.9
66 2 6.4
72 6 11.4
23 10 91.7
16 3 4.0
12 4 45.7
75 37 52.0
41 29 47.9
52 14 92.2
23 46 52.8
16 50 41.5
28 7 18.5
6 16 26.5
63 26 42.0
3 21 19.2
86 40 35.0
49 28 47.7
89 2 98.5
41 45 71.9
72 45 57.2
62 2 79.5
53 42 63.1
46 24 75.0
19 5 37.7
76 0 14.5
37 42 46.8
63 28 63.7
37 1 97.5
24 29 89.7
33 6 18.9
2 17 95.5
3 22 27.5
11 45 96.5
25 30 19.6
10 18 75.0
53 6 91.6
45 49 97.4
47 16 65.9
90 23 45.3
72 7 93.5
88 41 36.7
14 5 24.5
38 10 19.4
78 9 8.2
41 34 18.1
80 24 47.3
88 12 70.8
27 20 91.6
12 12 67.2
84 14 86.6
32 41 70.5
73 27 56.3
43 40 35.7
69 30 52.5
28 6 65.8
20 19 96.1
67 41 70.9
77 46 37.2
69 39 88.2
34 1 20.9
32 50 54.9
9 8 42.3
48 12 59.5
58 15 83.9
54 45 68.4
63 5 4.1
81 45 63.9
47 13 89.8
4 48 3.9
50 27 59.5
3 18 89.9
90 44 87.6
5 39 77.9
58 25 63.4
37 7 1.4
76 48 82.6
30 18 17.9
93 0 22.0
21 31 30.3
66 30 5.3
16 48 10.2
78 46 10.8
49 18 5.7
69 26 33.1
78 15 52.1
40 0 56.6
10 26 43.3
93 16 32.3
71 1 81.8
4 22 73.8
87 32 42.9
12 25 55.5
91 45 58.4
88 8 39.0
93 4 68.8
35 40 75.3
65 30 24.5
28 50 38.5
86 44 13.2
50 13 14.6
92 18 30.8
0 3 60.2
65 39 2.5
30 0 90.0
49 12 31.3
16 15 79.0
92 34 26.0
56 28 1.3
89 12 70.5
53 48 61.8
53 16 60.8
72 29 75.1
86 4 59.3
29 0 98.3
67 16 31.0
75 46 13.2
35 21 26.6
50 29 49.4
50 23 64.9
93 15 49.6
31 41 24.1
7 24 71.6
76 36 71.1
64 14 28.6
5 18 33.2
67 43 57.7
94 32 10.5
16 23 2.0
79 11 74.1
18 31 55.1
95 31 87.0
65 15 64.3
27 5 1.3
7 47 89.5
76 34 17.8
13 13 62.4
63 28 61.4
67 22 28.6
28 25 94.1
61 1 67.0
89 3 79.4
59 44 54.2
80 34 16.7
67 24 60.0
5 26 32.2
47 29 6.5
27 47 52.5
79 27 11.1
8 7 36.3
15 36 12.8
24 33 58.4
33 32 10.3
11 28 88.2
87 37 72.8
63 28 99.4
95 45 90.8
64 23 66.2
70 6 67.9
24 15 49.7
90 37 19.4
94 0 86.1
17 43 3.1
8 44 63.9
52 7 57.5
41 2 40.1
32 11 45.5
5 39 27.4
44 17 28.3
28 1 99.5
4 23 34.3
2 43 59.5
11 6 96.2
18 8 79.8
74 23 28.8
73 14 63.4
37 21 34.7
96 36 95.1
47 14 75.9
30 44 27.5
54 0 55.6
92 43 25.5
10 38 2.7
96 34 31.6
42 11 62.6
93 25 18.1
39 28 52.2
69 37 80.2
86 20 98.2
47 10 96.5
62 37 68.0
92 15 36.9
40 15 16.9
7 47 29.7
18 2 82.1
13 8 19.0
77 7 2.2
53 29 38.9
89 45 55.9
79 50 14.5
51 4 11.3
7 43 39.0
7 20 18.5
24 38 78.0
1 41 40.9
84 7 28.8
64 39 1.0
50 8 1.0
80 38 58.9
41 33 65.9
19 40 75.3
66 2 36.0
96 5 48.5
12 34 3.1
36 28 61.4
3 43 14.9
85 46 12.4
59 49 71.0
45 8 45.6
80 49 35.1
40 40 5.9
71 20 28.9
33 24 48.9
27 7 86.0
10 30 15.7
62 50 20.3
31 14 68.0
19 25 98.8
58 44 92.4
31 19 95.4
1 13 57.9
43 41 53.6
93 44 96.7
17 37 71.7
1 12 15.8
79 42 88.2
21 37 45.8
95 5 78.9
57 49 59.2
43 50 89.8
66 16 60.0
60 42 3.1
96 46 60.3
31 44 34.1
0 18 39.8
55 37 82.1
76 36 24.0
24 4 52.5
35 0 17.4
90 5 31.2
75 43 64.0
27 46 11.1
96 14 68.4
81 49 58.3
5 6 77.2
54 35 50.0
1 28 11.3
18 21 93.3
25 48 93.8
83 22 41.8
1 39 0.6
67 40 10.0
52 6 52.6
35 17 74.4
42 6 20.3
68 29 41.4
61 26 32.1
79 33 10.4
68 19 89.3
71 27 26.7
64 19 2.4
81 32 9.8
44 4 8.1
66 42 0.5
58 39 65.7
36 10 29.1
71 13 18.4
5 18 90.2
70 13 85.4
50 42 43.8
95 20 58.9
13 17 36.3
35 25 49.3
40 46 26.5
33 40 49.8
14 38 68.8
25 5 51.1
30 12 7.4
8 2 40.2
33 34 39.5
93 34 82.3
70 17 1.7
57 21 61.2
32 37 62.8
82 20 18.4
49 10 14.0
17 47 51.0
76 29 97.3
32 7 15.4
88 17 60.6
90 7 11.7
35 14 35.5
64 21 55.2
26 10 3.1
69 34 89.3
34 6 63.8
70 48 59.8
51 38 72.0
27 27 35.7
76 7 91.5
7 3 40.6
50 9 8.2
40 40 14.6
35 40 14.8
17 35 22.5
34 5 22.5
95 28 14.6
85 3 84.7
91 23 83.2
35 27 82.8
57 3 6.6
53 3 60.6
10 48 9.4
17 25 93.5
44 9 90.8
47 37 66.1
33 12 48.2
65 36 31.9
96 4 23.0
48 34 8.4
48 10 49.5
37 47 25.6
75 24 53.8
55 24 63.8
22 42 17.3
7 34 37.9
58 47 1.8
69 47 91.4
44 24 82.7
71 4 23.2
50 47 22.5
57 25 1.2
18 2 0.6
41 12 32.3
27 3 87.8
30 44 89.7
78 47 49.2
19 42 44.8
69 25 11.9
57 17 53.9
41 29 30.7
64 46 20.7
59 25 57.3
15 32 45.8
69 26 6.3
31 33 5.0
43 31 14.4
48 12 11.4
2 34 60.7
34 2 86.2
31 19 61.4
40 26 40.2
58 44 18.7
43 50 8.5
59 24 54.2
12 48 92.7
44 41 65.7
47 47 45.4
53 18 29.5
42 29 32.6
77 36 61.4
54 9 10.0
62 8 88.2
35 13 25.2
31 29 85.8
5 24 10.5
7 49 53.8
8 6 48.4
52 42 46.2
48 33 0.1
81 0 2.5
25 5 30.4
29 18 99.1
52 32 51.6
8 19 12.5
29 29 16.1
28 17 73.4
10 33 66.6
55 25 71.1
85 1 64.1
38 19 41.7
70 4 39.2
96 1 70.8
86 12 39.0
62 34 47.9
14 8 22.7
38 32 37.5
11 26 78.9
77 18 4.5
8 46 41.9
96 17 99.4
20 18 88.7
90 24 92.8
48 21 96.5
43 21 48.0
26 45 56.9
24 17 98.5
84 49 62.1
29 7 38.0
31 37 22.8
19 20 70.0
96 35 95.1
22 24 95.7
80 2 54.3
43 42 91.2
40 40 80.1
94 16 43.1
47 11 6.5
9 36 43.1
5 21 25.9
23 42 46.1
23 21 38.0
63 8 1.7
88 27 3.0
6 50 42.4
19 23 70.0
80 45 46.9
24 20 42.1
51 49 13.3
40 8 95.7
64 2 74.4
76 5 33.4
11 11 6.6
80 28 21.5
57 49 4.9
70 36 47.6
47 36 72.6
64 43 48.0
90 19 93.4
21 43 49.8
51 50 90.1
30 50 5.8
17 7 41.1
94 46 53.8
50 24 75.2
23 10 20.8
3 15 32.0
95 23 31.5
29 3 84.9
40 33 96.8
66 18 70.6
63 5 41.5
38 35 62.5
83 27 99.0
48 34 43.9
67 13 59.7
74 33 61.4
42 25 86.8
30 10 15.3
83 4 5.2
27 50 42.8
75 2 71.8
57 20 96.2
20 48 65.0
18 22 26.5
66 26 77.5
19 41 92.4
27 7 53.3
54 26 62.0
44 5 91.8
37 39 10.8
86 31 0.8
96 44 60.6
6 18 37.0
10 28 33.3
85 33 64.9
20 13 15.0
52 30 2.1
58 22 62.5
64 19 67.8
21 39 6.6
53 31 72.9
22 42 58.0
34 16 74.5
43 47 68.9
45 27 76.5
67 26 75.6
82 38 57.2
18 32 1.2
6 32 39.4
61 22 22.1
53 18 83.4
50 27 16.9
54 14 21.8
29 12 70.1
81 50 66.5
65 40 30.7
46 30 81.4
41 0 36.0
20 22 33.0
46 47 73.3
24 27 32.6
86 41 14.8
57 16 91.5
88 31 97.1
75 43 61.1
77 47 93.1
25 37 82.8
40 37 35.0
41 30 48.9
96 0 11.1
44 45 62.9
17 19 42.2
21 6 50.2
52 29 68.0
28 8 25.0
59 18 36.8
75 37 17.8
14 4 48.8
37 30 4.9
50 10 85.1
41 6 18.5
59 43 80.8
28 39 54.1
65 0 74.0
63 21 60.1
72 48 72.0
86 24 72.1
4 34 56.9
3 13 23.3
68 32 29.0
49 11 69.4
45 7 70.8
82 12 7.0
75 37 58.4
1 37 80.5
25 9 23.9
28 21 61.5
79 11 24.4
43 35 84.1
96 12 0.3
37 23 12.7
60 38 0.2
43 48 46.9
5 32 55.0
78 39 36.2
11 0 74.7
51 19 24.0
35 40 41.1
18 48 33.5
64 49 91.3
73 32 64.7
50 7 89.0
65 44 50.0
84 46 33.7
42 35 96.4
8 48 72.2
54 48 36.9
78 23 37.6
10 21 62.7
53 3 16.3
79 13 82.5
4 44 90.4
7 12 4.1
69 21 93.1
63 10 36.2
81 34 87.6
51 41 54.8
35 10 11.1
15 36 44.9
1 16 72.0
18 10 33.6
19 17 37.8
66 24 38.7
5 20 43.4
23 21 40.4
42 20 86.8
33 44 22.3
8 8 1.4
89 22 73.1
46 6 2.9
66 48 95.5
20 0 56.7
53 13 25.1
74 3 46.5
15 44 27.0
50 29 94.1
95 20 57.7
48 11 28.7
53 37 16.0
1 7 84.6
67 19 20.8
80 7 77.2
76 36 48.3
83 27 2.3
51 12 57.6
37 25 31.1
57 8 59.0
85 37 52.0
58 16 93.8
55 21 3.7
92 37 39.4
95 33 95.2
62 5 26.1
4 49 72.8
22 24 22.4
70 2 54.6
35 47 97.2
0 41 90.5
66 43 64.0
65 25 94.8
55 4 83.7
11 8 12.1
89 49 99.4
34 7 63.1
24 6 79.2
9 44 38.2
51 16 22.4
68 20 5.3
32 33 49.1
8 10 55.9
74 31 32.1
25 3 42.2
72 6 20.1
6 45 33.7
13 43 75.0
22 3 93.5
25 45 35.4
75 38 16.6
31 1 4.3
79 38 79.2
28 22 97.0
11 16 88.7
55 5 79.5
4 49 74.0
44 48 66.0
72 12 86.1
7 43 18.2
53 50 28.1
19 42 4.2
91 15 11.5
95 34 5.1
43 47 76.7
64 22 29.0
30 27 74.1
38 7 61.7
71 34 59.1
70 37 43.3
88 41 74.8
82 12 55.0
12 18 88.0
71 29 5.4
82 16 29.0
70 19 41.4
65 0 57.0
25 39 19.1
40 10 89.4
53 43 77.1
38 9 62.3
37 30 16.7
5 22 72.8
85 16 98.2
16 29 48.2
46 27 76.6
78 14 44.7
57 20 76.9
78 1 46.5
39 30 90.6
21 50 14.5
86 44 50.6
58 27 67.6
37 22 21.7
41 23 75.8
47 6 91.6
74 22 82.5
92 15 24.6
60 21 74.7
66 28 8.2
89 8 13.9
52 42 96.5
94 7 32.8
20 26 33.6
40 26 74.7
82 33 15.7
67 23 14.5
1 10 79.1
