59 124 -89.0
33 62 -70.7
21 84 21.3
27 28 85.2
57 115 63.1
43 51 -17.1
58 64 22.6
49 4 -37.8
1 28 24.4
34 19 -28.6
32 30 -7.4
48 63 82.9
28 41 20.8
54 6 -89.6
20 75 -3.1
54 61 5.3
2 123 80.4
15 112 -6.3
20 44 54.5
25 57 1.0
3 45 79.6
23 70 -68.4
33 89 2.5
1 25 -57.0
24 39 60.0
33 72 -39.4
32 71 -77.5
44 26 65.6
47 38 72.4
51 49 74.1
30 11 -25.0
29 60 76.8
4 54 -37.8
34 95 40.4
31 112 78.1
57 69 90.2
20 21 -81.2
17 60 15.9
5 20 -39.8
22 63 66.8
50 9 -78.5
26 8 49.9
6 81 -37.6
54 44 -69.8
38 44 7.7
50 9 40.6
50 29 73.7
47 20 13.2
58 25 4.6
3 99 -72.6
38 48 -4.7
55 74 50.4
14 51 -36.0
5 9 95.7
19 76 65.4
18 59 65.7
20 4 96.8
55 25 86.5
18 47 -79.1
39 71 -95.0
27 18 29.0
51 119 74.5
3 20 8.5
44 50 3.5
22 47 -72.8
41 8 50.1
23 36 -11.2
25 48 -72.1
34 99 26.5
7 73 -87.3
26 67 89.6
38 43 73.6
58 90 -25.1
35 84 -73.2
47 112 -52.1
35 40 55.8
39 116 -10.5
56 94 -89.7
58 74 84.1
4 18 -77.6
19 55 67.8
29 58 -16.4
30 115 59.3
25 32 35.6
58 117 -81.3
15 64 7.4
27 115 -73.0
14 22 -37.6
8 34 11.8
3 42 -51.3
54 27 -5.5
22 107 28.9
19 98 38.3
13 37 57.5
13 53 -90.4
47 73 -56.6
2 2 4.2
2 96 1.0
46 7 -88.8
8 62 39.9
52 101 21.9
53 69 -6.1
34 63 32.8
21 33 91.8
42 3 -77.7
16 15 -19.2
58 51 58.2
32 52 -66.9
21 66 -89.0
23 71 -61.0
15 33 -12.2
17 78 34.9
20 89 -27.1
3 117 -90.0
44 90 -67.5
19 112 -93.7
23 64 -85.9
31 97 49.2
26 35 42.5
46 77 56.9
21 114 -98.2
39 49 -31.3
54 121 39.0
47 30 18.8
23 8 66.2
17 117 -44.2
58 9 -44.2
2 55 41.7
57 64 4.7
13 64 -55.5
16 95 93.0
6 49 -56.7
36 81 20.9
51 63 -68.7
14 8 -67.9
47 25 5.3
41 3 -50.2
19 121 -83.1
0 17 -65.3
15 95 -17.5
24 78 67.3
17 99 -77.5
37 30 -95.2
2 37 45.5
24 113 -27.1
25 118 18.6
7 113 13.2
27 89 -64.3
30 99 6.0
48 119 -31.3
38 70 46.5
45 67 30.8
27 57 50.4
0 25 5.2
5 21 42.7
53 109 19.3
52 49 -71.3
26 30 85.6
12 88 24.4
51 2 -72.8
54 14 -23.1
45 1 75.1
12 74 64.5
53 68 82.2
41 73 12.2
31 80 -74.0
58 37 -83.1
10 13 82.6
7 31 27.9
34 106 -40.4
17 101 37.7
23 79 27.2
55 117 77.1
33 72 -22.9
44 30 -75.0
54 80 93.8
58 35 74.6
38 20 62.5
17 103 11.7
2 57 -17.1
57 83 73.2
7 98 30.5
46 69 -84.6
40 86 74.8
15 48 66.2
36 56 -3.9
18 119 -34.5
46 25 73.4
44 34 73.4
24 1 -48.8
26 77 -32.2
37 45 -12.2
11 24 42.6
23 12 -85.9
16 97 50.4
35 29 63.4
28 11 22.3
53 13 55.6
56 112 51.0
31 102 -53.0
27 89 14.8
58 94 -76.3
9 40 50.5
39 30 -97.4
16 101 26.9
29 121 92.6
45 108 -7.2
33 120 81.1
20 93 2.1
33 19 -52.5
0 47 59.1
35 84 65.1
31 91 -62.2
9 97 29.6
37 53 -91.0
36 60 79.8
35 102 44.8
58 38 54.5
10 27 25.6
56 69 -65.3
19 107 -61.8
50 93 6.7
25 38 45.6
30 11 -72.4
7 97 22.2
42 84 -57.9
50 76 -94.3
19 100 11.8
21 82 -77.1
27 50 72.7
51 23 92.5
9 83 -88.4
54 119 -12.6
34 85 -4.2
5 5 -20.4
52 122 55.2
29 80 -57.3
36 32 -51.0
21 90 -26.2
10 48 -43.2
9 85 -5.8
55 73 43.7
3 2 -77.5
6 1 98.9
25 100 87.1
31 55 -66.5
57 21 61.1
36 47 50.4
39 52 -58.1
36 52 -46.4
18 114 -37.4
54 64 39.3
46 77 70.7
2 85 92.1
45 123 -59.6
24 61 96.8
40 31 38.9
52 98 -6.8
48 71 59.0
35 77 -1.9
10 81 -82.7
17 116 -8.2
43 49 -78.7
36 85 -80.9
36 66 10.9
7 10 24.0
3 17 -7.9
24 84 -30.8
56 121 -99.2
8 19 -28.3
22 115 5.2
25 86 61.1
17 57 -80.3
40 112 -11.7
49 117 28.9
21 21 -61.3
47 58 24.0
30 3 -95.5
23 15 -33.1
16 7 -14.4
32 58 7.0
48 27 -56.2
16 107 -97.2
10 79 -26.0
49 7 17.9
34 25 82.8
14 87 -33.9
9 102 43.7
58 17 35.8
21 73 7.7
21 28 -79.2
21 68 -53.5
9 100 -82.3
46 47 -56.7
29 86 40.8
8 27 57.8
45 42 22.2
6 24 -85.1
46 99 -63.1
26 88 -82.0
37 71 -87.6
6 90 22.6
34 89 -13.9
55 3 -57.6
17 121 81.9
34 117 -99.4
3 91 -54.6
49 96 -45.2
25 39 64.1
17 79 -2.9
39 115 80.6
51 26 -1.5
40 70 -11.0
35 59 99.3
56 79 -21.8
3 54 72.3
36 64 -3.6
38 113 -4.7
54 109 19.2
48 116 75.3
17 108 41.5
0 48 85.9
9 79 -52.3
34 11 66.0
32 7 60.4
53 94 -47.6
26 111 28.5
35 78 56.9
34 52 55.6
53 110 -34.1
51 91 -8.5
17 8 -6.2
39 6 34.9
53 33 -50.1
25 95 90.2
47 28 25.6
33 29 -43.6
29 32 8.8
2 102 -16.5
48 87 99.0
42 103 -17.5
18 21 -21.2
21 110 -58.3
22 32 -17.8
39 4 -69.5
55 48 -83.1
55 60 -41.6
32 41 -48.6
48 82 -11.6
35 57 77.5
25 79 -53.9
36 89 -77.1
41 110 -28.8
13 99 -70.7
43 33 -40.0
12 98 -37.6
2 103 17.6
26 51 -37.4
1 48 -89.6
12 106 -44.8
57 105 92.4
0 6 -12.4
4 84 -72.6
35 97 13.1
19 31 3.1
27 123 -44.3
30 58 -37.1
34 65 60.1
9 40 -50.7
51 102 -29.5
57 17 46.9
25 112 61.9
11 19 79.8
2 76 59.5
23 55 -91.3
52 71 40.0
55 5 90.1
39 13 30.3
9 66 -12.7
19 44 -95.1
31 74 53.8
41 17 46.8
46 36 -56.4
20 84 -30.0
0 11 32.2
29 29 64.8
48 10 86.2
48 114 45.6
57 104 -55.7
49 102 -67.8
43 80 -56.3
38 57 64.5
10 39 33.1
42 65 0.1
25 62 -16.3
39 92 98.5
18 85 -25.1
56 76 92.6
56 36 37.1
47 64 98.1
10 6 -16.3
10 35 -11.6
29 38 6.4
4 116 -30.0
13 98 -69.4
3 68 -49.9
8 31 26.6
45 9 39.6
21 28 -44.5
56 77 38.5
27 1 88.8
27 116 -9.6
18 33 -13.3
47 7 -14.3
13 113 -96.4
18 73 -63.6
20 36 -71.6
54 44 39.0
42 98 -76.8
54 123 -53.6
51 34 -95.5
26 121 17.7
52 2 -50.2
30 8 87.7
15 64 -77.5
40 24 0.5
25 35 -55.6
12 9 68.3
19 95 -20.4
0 35 52.7
56 30 89.0
56 120 -35.8
16 111 -38.5
12 32 35.3
14 68 90.2
43 101 -50.7
0 86 63.2
34 16 99.1
3 4 -0.3
14 49 -65.1
55 28 -67.4
11 5 26.2
28 58 -71.0
5 8 -66.3
35 47 52.1
7 40 90.9
17 84 -37.0
58 62 59.0
30 91 -63.4
13 43 -74.9
1 105 35.0
55 23 41.6
16 72 37.1
8 35 -88.3
48 25 50.4
10 95 -46.1
20 112 -44.5
27 15 -62.7
2 5 -29.8
53 108 82.6
42 88 -0.8
57 4 13.1
12 61 -73.7
58 51 16.5
30 117 88.6
46 114 37.6
16 46 -6.6
0 104 93.7
54 72 -98.5
12 40 -61.7
58 57 9.3
33 21 69.0
0 121 26.2
31 33 12.6
24 51 -8.3
18 44 -75.8
36 30 82.5
43 38 -29.1
12 78 -80.2
51 29 63.6
57 5 53.8
58 103 -21.5
29 69 51.3
4 118 -42.6
0 103 31.5
24 47 85.1
17 76 -60.9
42 91 -9.0
46 34 11.6
3 106 -54.9
30 117 7.9
51 98 18.3
1 20 88.4
11 123 29.4
48 33 -36.0
25 32 -41.1
48 112 44.2
45 102 57.1
58 104 -94.5
26 121 90.2
48 65 72.2
3 81 -70.6
9 24 -59.5
54 47 -94.6
31 78 47.5
37 87 47.4
15 81 20.5
8 90 -40.7
3 46 8.9
43 61 55.9
28 113 -39.9
16 2 80.8
9 87 -67.5
46 54 44.7
50 14 17.7
29 91 -61.4
50 95 -20.0
42 28 -76.2
33 120 -61.3
49 112 80.9
44 29 29.7
43 70 -18.0
33 63 -48.2
31 88 -56.2
44 59 -20.0
3 94 97.2
38 88 44.2
19 81 -26.6
22 45 78.5
16 48 49.0
40 36 44.9
18 45 -93.6
43 40 61.0
3 122 -80.6
26 18 -66.2
33 33 28.2
18 45 -53.1
25 83 -96.3
28 83 -93.2
45 17 -3.5
20 102 96.3
34 38 2.2
25 47 10.7
51 57 56.9
18 32 -29.8
13 90 -27.1
28 72 -22.5
57 114 90.3
7 51 -56.5
30 119 64.5
16 15 63.5
58 67 -22.6
28 79 -11.0
27 19 -1.5
12 81 13.9
5 39 -55.5
4 41 85.1
55 61 82.4
48 36 -7.7
4 19 38.8
56 93 -57.3
16 90 -4.0
26 33 92.7
20 105 -55.4
31 96 25.0
52 32 74.2
43 51 -85.2
11 68 -44.5
53 12 93.7
1 115 84.2
30 58 -33.7
53 109 59.5
30 8 -35.0
43 48 -36.0
22 105 -52.6
38 120 -42.1
42 12 -56.1
56 42 -70.5
16 59 -7.3
27 75 22.9
45 91 86.5
17 62 35.5
43 92 -13.7
9 24 89.5
52 97 -63.8
4 96 11.8
25 5 -8.1
20 121 57.6
43 94 -52.6
5 117 -1.9
26 16 -16.2
13 21 86.0
5 67 79.2
12 43 -0.1
14 113 -79.2
56 24 -6.3
22 103 -13.5
33 1 49.6
8 102 -27.6
50 19 -3.8
38 107 8.4
54 28 64.3
53 84 17.0
45 9 3.3
28 7 42.9
14 47 26.9
32 4 10.8
0 32 93.3
44 45 24.0
9 61 61.9
46 117 -33.7
26 100 -35.0
4 101 56.7
44 56 -11.7
57 102 21.3
29 80 -90.3
5 22 29.3
56 72 49.3
56 91 -6.0
29 52 -77.2
5 17 51.5
46 0 49.1
45 92 83.4
14 63 -11.9
41 74 -23.5
1 94 19.3
40 8 95.4
7 68 28.7
50 55 -3.6
48 90 -6.5
51 108 -40.0
28 84 -11.3
33 19 27.3
25 10 -21.2
29 34 -58.3
8 0 -87.7
16 88 -71.9
22 58 -73.1
15 78 27.9
30 94 84.7
40 62 51.5
21 116 74.4
42 73 -40.8
11 100 -43.8
20 18 -92.8
23 121 -92.0
15 96 -10.8
29 3 -30.0
26 43 58.3
7 95 -14.6
16 66 -73.4
1 100 -82.8
21 46 69.9
6 99 -84.7
56 110 33.4
27 54 -4.2
41 90 -87.2
6 51 -26.3
9 89 41.6
20 71 70.8
18 94 60.9
42 62 -9.9
55 56 35.4
0 95 -93.7
20 8 -1.0
38 41 -0.5
28 107 71.4
37 120 -70.6
30 118 99.8
32 2 28.4
22 0 -84.1
36 33 -63.2
12 95 22.6
5 98 -70.8
25 1 -92.6
39 108 23.7
58 20 -9.9
45 57 -93.5
35 2 -7.4
14 13 -56.9
48 72 -22.5
58 13 -80.9
22 115 48.6
11 14 -36.6
25 94 -40.0
37 90 -85.3
23 23 14.4
33 57 -24.2
40 106 -53.9
29 51 -41.7
4 67 32.7
2 69 -80.2
8 106 -47.1
12 47 44.0
8 49 -86.7
45 9 -86.5
22 118 -51.2
49 38 94.7
26 96 -55.1
24 99 -9.1
27 56 3.3
9 114 -58.7
32 18 -4.1
32 56 -28.0
7 22 -81.2
22 39 38.7
45 2 -6.9
58 23 13.2
3 65 10.6
48 100 -24.3
48 112 -47.0
21 8 39.6
3 108 10.7
58 29 7.3
43 81 -89.3
21 96 80.3
38 31 96.2
56 108 9.7
45 38 88.3
34 73 -64.5
6 63 -42.6
52 71 -25.8
41 87 -62.8
6 0 -78.3
9 20 -77.1
17 21 -99.7
2 77 27.9
47 20 -98.6
43 17 -33.5
27 77 26.8
8 106 78.9
43 123 40.3
3 85 -92.8
2 64 -93.5
46 26 64.3
53 9 49.0
30 63 -28.2
35 91 -89.4
40 41 -69.0
5 4 -88.6
17 61 17.5
37 79 -93.8
21 41 63.3
31 10 91.0
50 110 82.1
47 86 -40.1
7 53 67.5
11 100 -54.0
51 107 -85.5
14 98 63.6
45 15 33.8
28 91 90.1
39 64 34.9
41 82 -12.5
31 58 16.7
29 49 95.1
57 2 -88.4
21 95 25.5
13 95 -22.3
37 18 95.8
7 50 -23.7
13 6 6.2
34 29 -75.2
15 110 -22.8
1 54 -94.8
48 67 54.5
53 34 -50.9
15 31 10.6
38 121 -94.4
5 15 21.4
16 40 44.0
4 18 24.9
33 109 -92.1
52 23 91.1
9 122 49.0
52 60 -45.8
23 68 -22.5
10 21 4.1
40 40 42.3
58 1 62.7
2 91 -11.6
4 54 91.1
55 102 -13.3
46 28 67.2
24 56 -12.9
38 17 -3.6
19 5 -85.5
41 25 49.1
10 33 -2.9
34 103 -53.1
41 34 -82.0
16 70 96.1
52 59 72.2
3 81 82.0
25 30 79.6
13 37 -61.6
52 25 60.9
37 63 27.9
58 46 -84.1
8 76 -85.8
39 0 7.0
17 81 17.7
40 33 40.8
51 112 21.9
50 121 -78.8
13 93 80.7
20 78 6.2
31 43 40.0
56 66 -63.3
18 45 47.9
32 43 -50.9
49 63 -83.5
6 6 62.3
29 64 83.0
19 82 86.8
19 111 37.3
6 56 55.6
3 76 -58.0
56 30 -65.6
36 103 49.6
11 96 -48.6
21 49 -32.9
54 38 -46.2
50 3 41.9
4 100 -17.0
32 91 25.0
38 109 45.7
12 19 -6.4
22 24 11.7
44 47 82.4
33 83 -32.1
3 25 1.9
47 27 32.2
40 80 38.3
2 95 -65.4
52 107 72.8
8 62 -27.6
30 120 54.8
37 49 58.3
56 109 -55.5
45 108 -35.8
16 85 26.8
38 67 43.9
33 76 41.1
43 108 -91.4
21 11 73.8
17 92 64.3
34 115 83.2
45 102 -65.3
48 34 89.6
29 77 -52.8
50 26 17.3
51 67 -80.1
48 43 -82.7
24 96 -96.2
20 104 -86.3
30 20 -80.3
31 71 -5.4
9 71 86.4
18 74 77.8
39 58 -18.0
12 24 62.7
28 121 -48.7
34 67 83.1
44 92 -84.7
7 31 -65.9
41 17 33.4
48 114 -67.8
1 22 58.4
17 49 57.7
23 36 -58.3
58 34 -12.4
55 42 89.7
38 36 -34.9
7 6 -99.9
15 41 -32.6
42 64 93.6
50 80 -54.7
7 6 11.8
19 59 -70.8
35 38 41.5
19 92 -72.0
42 46 -26.4
28 54 71.4
50 18 5.3
20 71 -39.5
46 85 -39.5
46 57 88.6
32 93 -90.4
55 29 -24.2
36 45 -56.0
54 47 5.5
53 6 10.3
30 67 90.3
3 93 -28.3
24 22 -31.4
23 102 4.5
31 117 28.8
21 25 74.8
21 7 87.6
47 72 -28.9
57 81 -3.0
55 67 -69.6
53 54 63.2
28 91 43.7
54 110 -60.6
40 105 -27.5
34 39 -80.7
49 2 -43.7
51 100 45.1
51 90 23.3
56 7 -45.6
23 82 91.3
44 106 73.4
57 9 25.8
17 63 100.0
15 12 83.7
2 49 66.1
35 28 -0.9
17 95 -85.9
38 105 -99.0
57 30 -10.4
47 92 -91.9
31 79 94.3
9 106 -45.0
38 110 -0.6
45 79 44.3
9 19 75.3
30 39 -48.8
31 65 55.7
45 33 -25.1
9 3 60.2
56 99 80.3
0 33 3.1
9 5 -55.0
16 6 36.8
43 39 37.2
49 43 -69.9
56 41 -93.9
26 63 -51.5
10 122 32.1
19 85 -77.8
36 83 37.3
29 20 19.7
44 46 -84.9
37 110 88.7
49 57 30.0
48 76 91.3
46 74 89.5
20 97 -89.4
14 68 -33.7
46 30 -67.5
41 81 11.7
50 5 -20.4
5 55 -58.4
18 69 -35.4
18 76 -56.1
37 39 0.3
18 97 -17.6
18 33 3.3
22 57 67.4
42 59 -28.8
22 40 7.0
36 59 26.5
13 6 29.4
18 85 0.5
33 38 -72.3
24 15 1.3
26 121 75.7
27 87 22.1
38 110 66.5
28 0 -30.6
3 17 -27.6
25 54 -53.8
12 41 99.3
11 117 -92.0
51 50 26.9
44 103 22.3
47 26 38.2
55 81 -8.7
25 36 -64.5
26 79 -19.2
11 119 41.5
14 97 -56.0
40 26 83.3
52 25 -93.4
51 123 -93.2
55 25 22.9
5 25 -10.2
37 66 19.2
20 65 -89.6
28 105 -18.4
28 27 21.9
25 30 -8.7
14 62 -95.2
26 38 18.4
8 122 -18.8
32 60 -68.4
31 34 -77.6
11 58 -37.5
53 77 -90.9
7 41 -68.0
0 109 -70.5
41 49 5.2
23 59 -39.7
13 47 -8.5
45 53 -14.0
27 80 75.0
48 52 -37.0
10 46 59.2
10 69 71.7
54 48 15.4
7 74 -59.3
38 37 -77.4
28 98 -40.3
52 86 72.6
34 98 53.0
13 5 -46.3
35 112 -68.5
15 56 -44.7
38 63 1.9
50 58 37.5
54 79 -38.7
19 52 -51.5
44 108 52.6
31 122 -92.3
43 121 98.8
51 12 64.4
34 95 24.2
2 25 29.6
28 98 9.9
32 41 -9.6
33 34 -62.9
16 85 -56.1
6 49 83.0
6 121 48.0
37 116 -97.0
40 63 22.0
15 57 -75.1
16 54 14.6
10 26 54.5
27 52 -70.9
26 95 67.9
43 76 -12.5
8 29 -64.6
47 95 0.1
54 120 13.3
51 47 -30.2
9 40 68.8
16 81 -68.6
45 116 -35.3
38 6 -91.9
53 19 -31.2
32 121 -21.9
48 85 -79.3
42 89 -78.0
16 31 65.8
27 60 66.0
31 47 -89.1
55 91 79.0
0 43 -42.8
34 89 36.5
32 12 -96.1
41 60 49.0
48 121 -48.1
4 95 74.1
20 52 34.5
1 69 -23.6
14 123 -29.7
34 34 -19.5
49 87 -95.8
27 34 12.0
46 79 78.6
3 46 -54.5
12 108 18.3
26 43 -91.6
2 56 47.2
51 24 40.4
35 117 84.8
13 6 -50.5
54 17 31.8
30 93 -86.9
37 118 -10.9
4 80 -96.5
55 78 53.9
2 118 17.2
49 6 -41.4
31 75 -1.5
19 52 -15.9
39 117 -6.7
6 44 6.7
54 119 -73.7
48 30 -51.4
31 49 -30.3
49 67 26.7
35 71 -98.3
33 76 -94.3
52 94 13.1
31 89 3.9
11 93 58.7
6 42 29.9
11 40 90.5
53 117 86.7
18 21 -74.5
44 54 5.6
36 28 53.3
5 42 56.4
14 57 -34.7
53 4 61.8
47 85 79.8
18 42 -48.4
47 56 -18.4
48 116 -20.4
16 16 -66.4
56 117 -31.1
38 103 60.7
20 107 40.6
14 93 -6.7
4 14 52.8
19 63 -54.1
9 9 20.9
29 4 -67.6
56 91 -53.5
33 45 92.6
14 36 -39.1
47 114 68.3
0 114 -20.4
51 45 86.9
34 123 17.6
36 111 -86.3
32 21 55.1
49 53 -65.2
33 48 -13.9
36 70 -55.4
14 118 59.0
10 32 74.4
19 108 55.1
26 107 73.3
10 50 -52.9
12 71 -84.5
30 86 96.6
49 102 54.2
48 100 28.9
48 100 -83.8
24 84 -83.2
9 29 -47.3
0 82 -23.8
8 120 7.4
12 35 83.9
50 52 -59.8
27 56 39.1
37 24 5.5
57 30 -62.1
36 48 -75.7
26 104 19.5
33 9 18.8
54 66 16.2
11 114 -80.1
39 29 81.0
34 108 88.0
40 16 -72.1
4 117 -78.9
45 65 -11.3
14 82 82.3
6 73 79.0
45 19 -72.4
40 43 -68.6
51 99 -79.5
2 85 89.2
16 60 -20.7
14 30 -55.2
49 42 87.4
34 61 -57.6
0 7 43.9
46 23 -25.7
29 101 22.6
12 84 -44.4
10 39 59.9
6 101 55.5
7 77 78.2
18 30 -72.2
44 91 49.5
35 46 52.1
9 6 -41.1
29 67 -27.1
11 111 -87.9
38 93 -66.2
14 123 47.1
52 15 99.0
0 76 74.0
31 122 -97.7
35 32 -30.2
16 55 5.7
45 121 16.8
27 99 -29.1
45 67 -81.6
54 40 96.2
37 65 30.1
12 105 -85.0
15 45 99.1
20 87 36.2
45 68 62.5
35 90 -43.1
23 53 -27.5
51 16 44.8
57 102 -26.5
4 85 63.7
18 108 -8.2
12 71 -89.2
20 114 23.5
50 13 -59.4
46 119 8.3
55 13 -32.8
47 38 91.0
31 0 91.4
44 106 -87.0
38 109 -51.6
10 40 -74.7
49 64 99.2
5 60 -88.5
58 6 -44.6
25 55 99.8
29 54 -69.2
44 70 92.1
2 113 -86.3
28 98 68.0
28 11 97.1
58 94 -55.7
28 34 -27.7
44 6 -99.5
27 41 51.1
20 48 -87.8
53 49 91.8
31 48 -46.7
11 12 -74.6
53 14 -28.0
30 36 -13.7
55 47 41.5
0 75 -35.5
41 111 5.3
17 71 -56.5
47 90 68.4
50 73 -96.9
38 90 -40.9
38 98 23.5
34 98 67.7
19 79 -6.9
12 44 88.4
44 85 62.8
57 90 51.2
21 105 -95.4
42 52 87.7
58 9 -27.4
51 82 -47.7
10 95 87.8
21 117 -15.0
16 51 -8.3
10 14 15.9
10 59 -6.9
38 68 22.6
6 66 -16.6
51 0 6.9
33 4 18.1
37 107 73.6
37 57 22.7
17 31 89.8
43 16 -66.9
28 59 -67.6
52 32 24.2
34 25 62.8
44 66 77.9
54 62 -89.0
58 69 -21.5
57 48 -35.9
29 65 39.0
30 53 89.2
35 65 -12.0
40 84 -16.3
47 88 -94.2
48 4 78.9
54 56 -91.3
46 100 -44.6
11 68 46.6
40 26 45.7
56 35 -66.3
45 102 -8.1
48 113 68.0
17 123 88.1
3 73 94.1
7 56 -53.6
9 22 60.4
46 26 -46.7
52 95 38.4
28 22 -98.2
12 15 -63.2
43 38 89.3
12 8 -14.7
53 83 -44.4
25 103 73.7
50 119 84.6
41 73 91.0
50 108 -1.1
32 123 -5.3
27 28 -30.9
29 13 54.7
31 93 -11.3
42 64 93.7
13 123 -76.7
29 28 -44.9
7 82 85.5
12 57 -93.7
46 84 47.7
5 33 -68.5
55 39 3.6
27 13 50.9
30 32 60.6
10 79 -51.4
28 8 -98.6
34 79 76.3
14 5 -43.8
53 3 75.8
8 23 -38.4
29 27 -69.4
16 87 -4.6
54 99 66.9
43 61 64.7
21 60 -69.7
24 97 -68.8
44 21 -96.1
0 115 -22.7
13 87 -22.5
40 111 54.6
19 97 -24.4
42 83 -8.8
1 23 86.2
2 121 73.9
51 40 -57.9
49 76 92.5
16 39 -18.0
32 95 13.8
52 99 -54.3
10 17 16.3
5 20 -76.0
38 42 62.7
33 103 50.7
42 81 78.5
43 9 91.9
31 34 -45.5
26 84 -91.7
16 32 -27.8
30 16 -61.2
26 21 -30.2
22 97 90.7
5 67 4.2
27 11 -86.8
15 59 87.5
13 61 11.6
4 0 -95.1
16 78 65.9
44 83 58.2
24 0 -38.8
45 24 41.2
46 37 -14.1
31 24 17.8
51 56 14.5
27 116 -10.1
3 39 82.7
47 102 49.0
24 2 -14.3
17 107 69.1
54 15 28.0
40 66 40.7
29 91 56.7
9 81 96.1
37 119 -33.6
29 113 69.2
57 96 55.0
57 20 70.5
32 13 80.3
17 99 17.4
3 118 -87.1
11 14 -65.6
52 71 -58.7
45 22 4.2
5 20 -43.4
1 14 -22.5
7 11 96.3
40 15 71.9
13 90 -17.8
14 57 93.7
52 117 96.5
2 61 77.9
31 121 -57.7
43 120 -41.9
28 87 53.3
28 21 80.7
51 67 1.2
16 0 4.8
42 104 31.8
16 52 -25.5
57 35 47.9
26 29 -15.1
0 101 21.7
8 64 14.0
5 119 -76.7
48 123 -53.8
27 88 -28.9
50 23 47.7
4 39 86.6
37 65 11.4
20 84 -49.6
43 67 -16.0
26 65 70.7
34 114 -75.6
25 53 -45.5
49 92 -87.1
35 63 -29.2
39 111 37.3
7 108 -31.5
58 58 -61.3
40 122 67.8
34 100 -13.8
5 34 -91.8
30 0 -74.4
47 12 99.3
54 46 -63.1
8 48 -67.0
45 26 30.7
43 6 -83.2
17 36 -28.5
1 2 35.7
46 65 9.6
42 44 84.2
40 109 -2.0
58 73 86.6
6 19 47.8
23 42 -31.6
20 82 -40.6
8 50 2.1
40 71 -95.9
23 99 -4.8
31 46 -19.1
5 48 97.2
44 5 -27.9
25 0 -74.5
40 78 -58.7
25 109 -37.0
19 62 73.8
41 53 -11.6
25 40 17.6
29 100 -37.8
47 111 3.5
0 109 -80.2
32 89 16.4
16 81 -61.5
0 103 -80.5
10 0 20.0
35 88 -44.8
18 37 -52.8
18 121 -25.3
13 112 -47.9
19 83 72.6
3 64 24.3
21 52 -9.5
44 26 41.3
3 1 -53.3
22 61 -91.1
15 113 86.8
41 106 -36.9
21 76 -23.2
13 7 95.3
9 61 92.4
52 54 -94.0
34 85 -68.2
7 91 -67.1
24 117 -34.8
7 47 -96.6
51 22 34.4
38 112 84.0
34 50 -73.5
22 110 78.4
31 105 -29.7
14 65 -96.0
45 108 -24.1
36 1 84.5
31 100 -85.1
14 81 99.0
36 22 -59.0
28 32 34.5
22 0 2.8
1 12 -15.6
33 107 21.6
6 101 -7.3
23 63 59.0
11 4 -11.3
12 5 83.0
47 97 64.9
50 35 14.7
11 80 -90.3
46 30 68.5
14 10 -35.2
17 87 31.1
6 35 20.3
7 52 -14.6
51 102 -52.7
42 28 -78.2
56 116 77.4
19 33 -64.4
48 109 43.9
11 31 26.6
27 93 -26.1
7 53 -56.6
33 62 -93.4
17 73 34.7
38 108 -97.1
54 110 11.9
36 119 72.6
58 73 88.5
18 24 3.4
41 29 31.1
50 17 62.8
43 76 69.1
36 121 32.1
36 72 -47.0
40 100 34.1
27 15 60.1
58 117 -80.0
2 56 -65.1
16 45 61.1
53 102 61.4
1 84 -26.1
46 118 48.0
47 42 83.5
18 7 94.7
3 70 45.0
53 73 -82.3
40 93 56.7
3 116 97.4
18 121 -42.8
2 69 75.3
20 100 -40.0
21 15 -70.3
17 30 61.0
4 56 -54.0
22 109 -73.2
45 95 73.7
24 42 1.2
40 20 -2.8
55 3 -12.8
49 116 -77.6
34 14 58.6
6 95 48.7
19 68 14.8
30 71 65.3
7 95 -41.0
4 39 -82.0
45 13 90.2
54 64 -47.4
45 70 -86.8
21 77 -31.0
9 57 1.8
7 17 -65.5
22 0 93.6
16 67 28.7
8 39 -78.8
12 3 -14.4
53 55 -24.3
0 114 80.9
27 13 -1.9
44 115 20.0
48 99 -76.1
17 60 -14.1
34 0 28.0
55 4 -5.1
36 62 -21.2
4 119 -96.0
10 88 -84.4
9 94 -6.5
39 23 -11.6
17 6 -75.5
29 11 -66.1
49 110 -81.3
44 22 11.2
20 115 -95.7
36 110 -76.8
7 68 61.3
30 68 96.5
3 93 65.1
9 28 2.6
53 109 -86.5
51 16 -65.9
6 21 22.7
49 42 34.8
17 99 -80.1
55 101 43.8
11 34 67.7
45 18 -10.6
17 108 -60.7
54 41 -33.9
48 11 69.8
3 79 -0.5
51 8 86.9
16 33 92.6
38 26 43.1
56 66 52.1
30 56 91.3
39 10 93.7
22 59 -61.0
44 77 67.3
30 87 1.0
46 100 76.7
43 22 -19.9
4 75 -91.3
33 118 30.6
32 14 -94.8
57 29 48.1
55 3 -93.1
8 75 67.8
17 60 54.2
44 123 59.5
38 51 2.6
41 90 -60.5
15 79 -90.8
32 114 -91.6
38 33 86.3
40 120 39.2
53 112 -31.5
4 35 71.7
13 19 -56.9
42 109 -46.1
43 25 -100.0
44 116 32.1
10 13 82.8
30 37 -87.1
57 11 -97.0
56 110 -7.3
58 43 91.3
46 114 -55.7
16 79 44.3
42 23 65.4
8 121 -81.0
25 97 14.7
21 76 -64.7
35 97 74.6
33 18 49.7
21 97 51.8
5 66 85.8
42 16 46.2
31 104 47.1
55 102 -66.1
5 80 89.5
46 103 57.4
55 68 -35.0
0 72 -42.5
38 30 -25.8
37 51 57.4
25 104 45.3
7 15 -7.6
26 21 5.9
53 45 34.4
31 105 -87.6
54 118 -92.0
7 33 -91.5
48 47 25.9
35 3 -45.2
7 115 -50.6
35 39 -97.7
39 22 91.3
17 116 12.4
42 91 90.8
56 121 14.8
1 48 54.2
0 37 68.7
15 14 92.5
22 34 -87.8
8 60 70.2
9 55 78.1
1 113 -90.7
31 82 -80.6
6 44 -56.5
47 40 -59.0
21 112 77.6
9 64 -10.6
15 14 3.1
21 64 -94.4
44 75 15.8
58 120 32.6
56 30 72.3
25 115 -59.1
37 107 62.6
41 73 -28.8
17 16 -32.1
50 47 1.4
20 111 -58.3
23 35 -42.2
31 60 -86.6
5 103 60.6
34 92 -1.4
39 76 49.9
29 27 13.3
52 92 -3.7
11 70 -54.6
26 20 45.3
45 28 -16.2
32 75 13.6
41 33 -68.9
44 50 92.1
4 65 -58.2
56 25 -50.8
23 23 -67.4
34 87 18.4
2 74 89.4
57 106 48.5
45 33 -56.3
10 101 4.5
29 87 -76.3
8 115 -56.3
35 55 -58.7
27 81 -1.0
36 120 -46.0
7 7 49.0
57 48 59.1
22 33 4.9
50 114 -18.1
6 6 -44.9
13 72 87.3
3 21 -86.5
0 57 41.9
6 58 -60.5
15 90 94.2
46 21 2.2
51 110 34.1
1 85 -89.4
2 66 -68.8
5 113 63.9
19 104 -65.6
10 39 43.1
15 49 51.7
35 19 -27.3
12 63 -91.3
3 34 -98.7
41 2 47.3
22 74 -47.7
58 74 -5.5
37 107 -57.5
51 74 -43.6
57 63 37.1
55 47 56.0
57 49 -11.5
4 67 83.3
49 36 60.8
35 61 -43.5
28 17 28.6
32 5 3.8
29 52 -9.4
1 60 -75.1
36 77 80.1
6 80 -45.0
5 29 33.2
19 49 27.0
24 49 6.3
32 59 41.8
31 22 -20.1
32 105 -64.5
57 17 -74.0
2 58 -0.5
45 110 -35.0
23 46 -81.8
57 72 77.8
28 58 -73.5
53 1 -19.9
38 7 36.0
14 9 -63.8
58 67 -16.4
13 86 22.5
33 25 -49.9
37 66 -84.9
31 84 68.0
0 12 78.8
1 90 -99.5
24 51 -86.7
5 28 46.9
21 26 15.2
47 68 79.8
7 107 7.9
31 15 -84.3
29 12 -32.4
38 10 -51.6
52 64 85.4
47 112 12.6
29 110 29.6
26 2 -59.4
48 68 -62.4
41 114 33.5
10 120 45.2
50 34 -67.3
36 94 15.2
46 100 -40.1
26 9 66.8
13 116 -34.7
20 23 68.6
4 73 -27.8
48 106 -38.6
9 13 79.5
33 29 83.3
30 98 89.7
12 60 27.3
15 62 -24.7
2 117 75.7
24 109 17.1
52 59 58.2
22 24 29.0
10 74 54.2
4 113 47.3
19 14 48.0
11 76 -73.0
48 77 -11.1
32 110 80.1
23 45 -52.3
14 50 62.6
24 87 -41.5
6 95 89.9
40 113 15.9
57 58 33.7
54 37 -80.4
35 18 12.2
6 33 -97.4
45 54 -4.5
26 21 -57.6
44 19 -4.0
14 107 42.6
50 51 80.1
29 23 42.4
13 73 -62.3
31 110 -18.7
25 103 -79.0
25 113 33.5
15 74 -53.4
42 71 -20.9
39 95 99.9
8 97 71.8
57 60 -99.7
27 103 -41.5
49 108 -51.2
57 91 38.2
0 92 93.1
37 57 50.3
42 111 -77.1
14 53 -26.2
1 53 4.5
21 1 47.2
12 90 -0.3
55 46 0.8
20 102 36.2
5 62 26.2
26 46 -88.0
8 83 -35.3
14 38 76.4
25 107 -87.1
31 101 -70.1
27 75 52.4
19 5 -64.4
19 67 79.0
54 45 83.9
18 40 88.8
52 2 77.4
34 60 84.9
32 63 87.8
27 110 -40.2
5 68 -92.7
57 103 49.2
19 2 -13.5
13 47 59.3
15 116 23.2
30 61 19.5
32 111 -7.6
8 8 90.3
33 101 -58.2
24 120 -29.8
54 78 85.1
6 2 88.7
29 58 -40.7
51 118 62.8
26 123 38.1
38 119 13.6
45 42 80.8
6 99 13.8
8 45 88.0
57 59 62.9
51 75 -15.7
19 57 -82.4
53 28 96.6
7 11 -43.4
34 53 65.6
48 80 -58.0
1 30 44.2
41 94 73.4
19 1 -55.4
50 53 -36.5
24 94 -71.8
12 47 -93.0
1 61 12.7
41 42 -55.4
54 27 14.7
48 49 71.8
10 60 76.3
53 55 -1.0
14 80 15.9
44 3 -30.8
14 80 -75.0
50 82 17.8
2 35 -58.8
11 19 -93.4
44 70 65.6
49 90 -15.6
13 70 -21.8
56 88 88.7
48 91 -71.8
42 78 -51.1
25 63 -72.7
58 29 24.5
37 50 60.8
15 93 30.7
57 27 -60.1
46 92 -50.2
22 91 34.2
46 107 -4.5
4 81 22.9
45 42 -12.1
43 115 -84.3
26 54 -50.8
35 74 84.6
34 93 82.1
28 26 -48.3
48 30 77.4
7 52 -45.6
15 52 -28.4
10 66 33.4
55 42 -97.9
40 82 -63.3
56 51 5.0
36 33 -27.9
0 13 -18.5
0 50 84.5
8 15 -57.2
24 86 9.3
20 93 72.1
26 74 -66.4
39 121 -36.1
57 54 71.2
38 117 25.3
42 73 -50.3
43 32 70.2
38 52 1.5
22 80 -91.4
2 57 -12.7
50 111 -28.1
50 70 23.9
0 15 70.7
5 116 85.5
31 60 -42.3
54 52 -30.6
51 27 -7.5
48 76 -22.8
41 23 -22.6
22 122 -97.7
19 9 20.8
4 20 -30.1
25 26 67.4
2 108 -76.2
22 21 83.0
17 7 -89.1
41 11 -48.5
48 24 -75.1
53 36 28.1
48 30 31.7
6 8 68.3
10 121 42.1
56 92 75.4
6 54 68.3
45 122 11.0
31 97 -87.5
26 53 -31.1
1 41 35.4
6 22 -81.8
40 94 -35.6
38 58 -79.4
24 117 -70.2
6 90 -100.0
12 57 -94.8
42 89 -30.7
48 12 -5.5
40 66 -88.4
13 92 -56.8
21 97 -17.9
52 116 40.7
0 2 95.3
1 7 -94.9
49 14 51.1
29 123 -66.7
40 46 -86.1
22 6 -79.2
52 101 12.6
50 83 -20.9
24 6 -48.7
23 65 -20.6
20 8 43.1
7 49 60.1
47 93 -25.6
54 9 -62.8
37 1 76.0
37 51 -21.8
42 123 38.1
4 79 56.2
5 32 -46.9
20 103 -28.8
5 43 -2.4
1 116 88.1
16 39 42.0
16 61 37.0
25 53 -87.8
4 57 -85.8
50 31 7.9
51 96 92.1
8 97 47.4
43 65 -23.4
35 50 30.2
35 81 76.6
5 71 6.5
43 103 61.6
33 60 -13.8
20 64 45.0
20 4 -90.4
27 104 64.4
53 31 31.7
16 23 64.0
29 99 60.9
9 77 -12.2
6 63 87.9
37 82 45.1
52 36 -2.8
47 50 -55.9
10 108 -80.5
46 12 26.8
3 56 95.9
57 51 -6.6
38 33 44.4
39 4 83.3
50 70 -3.2
33 1 -27.0
0 5 18.4
50 47 -0.3
20 111 65.1
28 58 32.4
54 60 7.4
34 16 14.4
19 121 -96.9
9 114 -46.3
33 50 72.1
48 119 19.1
55 105 -70.5
4 58 -46.1
21 78 69.2
26 93 41.2
33 40 82.9
26 93 -35.3
9 83 -62.1
57 3 78.5
36 2 8.0
54 27 34.9
37 32 73.6
10 49 -96.4
52 33 12.0
54 95 20.4
26 71 56.5
30 43 81.1
29 22 37.4
9 5 59.3
38 13 -0.3
44 1 20.0
13 120 35.0
32 52 84.2
51 38 -16.7
52 102 -16.4
36 18 9.6
44 117 -62.8
1 96 85.5
17 14 85.4
42 86 -15.7
52 104 -88.1
57 117 -26.8
19 13 90.7
17 81 38.7
10 70 35.4
49 91 37.2
28 27 50.7
23 89 -28.7
21 62 41.4
3 90 57.5
20 25 57.7
55 4 -68.7
16 83 -17.6
38 67 24.5
21 61 88.2
11 65 42.2
15 50 17.1
15 49 -21.8
51 14 91.1
49 67 -13.2
57 110 87.6
33 76 29.9
20 5 -13.4
6 89 -62.3
40 58 -93.9
18 119 -96.5
38 16 -29.0
21 18 -79.7
38 14 -53.6
11 80 62.0
0 5 -7.4
24 92 -44.9
19 119 -13.5
1 42 -34.7
24 7 -21.2
1 25 -65.1
35 89 -73.7
15 118 -93.3
0 96 -8.2
41 108 -9.9
6 47 33.2
7 47 58.6
5 122 13.6
10 55 7.8
18 111 -18.7
1 57 -35.7
43 65 -19.6
46 53 44.0
4 91 -36.0
33 42 67.3
12 111 -43.6
8 83 86.3
10 114 -39.9
2 20 15.7
25 22 53.9
48 34 44.5
8 99 53.2
21 74 90.1
53 51 -82.1
27 77 -77.7
4 72 -19.9
55 113 -3.3
18 8 5.4
8 35 37.8
36 91 -65.5
13 107 -17.3
40 2 77.0
6 59 -27.0
2 66 -8.2
22 45 71.0
22 101 -48.0
49 79 -73.2
33 107 19.5
4 96 -98.8
25 60 -96.2
16 30 89.9
40 53 97.1
23 31 -99.1
14 114 26.2
45 18 66.6
30 22 -70.7
18 80 -10.0
50 6 -14.9
6 114 -9.6
38 110 -67.6
38 33 -31.7
50 69 -88.8
16 13 99.4
23 92 -31.8
18 96 -18.4
54 48 -34.3
10 88 -8.3
13 36 -41.7
46 103 -85.5
58 57 49.8
54 51 96.5
1 33 -40.4
54 116 7.6
58 116 -20.8
5 3 -42.3
23 14 -7.1
14 15 -42.2
8 16 -90.4
23 31 6.9
21 37 49.2
22 63 -19.1
33 108 55.2
50 0 80.8
54 67 37.3
48 6 -69.0
30 5 -11.1
36 61 22.5
52 62 -16.8
4 84 31.1
23 56 62.0
0 105 -50.5
26 115 36.9
6 41 -46.8
8 21 -25.9
26 6 77.8
54 25 -99.5
15 80 96.9
35 116 -6.8
47 85 68.0
30 101 89.3
3 91 -20.7
27 61 67.4
41 106 -26.7
54 62 52.8
50 82 84.9
21 3 -77.2
7 50 26.7
19 83 59.7
58 85 52.8
9 112 -1.6
27 111 -89.5
21 57 -58.8
38 87 26.1
23 35 -31.3
19 97 -67.1
46 9 -63.2
46 102 8.4
57 63 -54.6
25 123 -15.6
17 57 10.7
37 30 -23.9
9 108 -51.5
19 97 1.2
28 25 -73.4
14 118 -83.2
24 1 69.5
51 84 -50.9
35 108 -13.6
58 15 -70.9
20 29 80.9
30 61 65.5
58 31 -92.1
39 83 73.5
39 30 5.0
20 118 48.0
45 88 -24.4
39 72 -37.1
4 100 -56.5
45 3 72.7
57 11 -86.8
31 68 97.3
56 78 78.0
49 70 67.9
40 41 68.8
18 79 -20.9
49 81 -32.8
23 27 -55.4
54 56 -51.0
41 69 62.6
54 70 -21.3
48 3 47.8
2 57 30.8
48 105 -57.7
56 92 40.4
54 122 75.2
50 25 47.2
1 19 25.0
27 85 -67.4
32 70 14.9
25 75 -51.7
48 37 -33.3
39 81 67.8
21 72 -40.9
11 8 79.0
48 94 -88.7
48 120 -12.4
49 32 -94.2
57 89 -22.4
1 111 55.1
21 121 -68.1
24 77 19.9
3 44 -43.3
32 63 -14.5
54 43 -17.6
15 21 40.6
28 110 -89.6
31 58 83.1
56 89 34.5
36 26 -76.4
24 27 -75.0
7 8 12.0
38 37 21.7
15 79 90.3
26 93 80.9
15 71 17.2
13 5 -62.5
50 80 -98.8
8 112 -18.3
27 118 77.1
20 95 -50.9
58 39 -25.7
27 69 4.1
4 35 -80.9
15 74 -91.6
44 0 98.2
16 122 -63.4
2 80 -71.2
53 38 -5.6
45 116 -82.7
4 89 -77.2
10 30 86.9
48 95 -14.5
41 66 -91.9
22 72 -41.1
52 113 -94.5
28 93 -88.9
28 87 25.9
33 100 -41.4
58 2 -87.4
20 25 81.4
58 29 -78.1
41 27 -88.8
13 62 -29.9
57 26 -42.3
5 61 42.4
37 32 73.4
51 10 -38.3
3 102 90.9
4 89 9.6
25 53 31.2
21 28 -13.7
41 99 65.8
26 87 -76.2
31 78 -38.5
17 111 17.2
40 87 61.5
25 18 -51.4
39 41 -26.2
24 79 -24.3
35 47 36.8
6 105 40.7
6 89 -43.7
9 116 50.4
2 95 60.3
42 123 -14.2
23 97 -93.3
18 72 -67.8
1 24 -95.4
3 15 30.5
46 46 36.4
37 108 -85.4
45 95 -80.9
21 41 -39.6
36 89 -19.4
36 78 -32.3
40 122 -45.3
25 120 -23.7
23 91 -63.8
17 72 -88.5
41 33 -28.3
50 19 74.6
31 78 -98.1
29 110 -54.9
44 86 35.5
36 2 -18.6
0 81 -1.2
53 0 -20.5
52 103 41.2
11 72 -11.7
33 69 88.0
36 64 42.1
50 122 55.9
36 88 -34.2
7 25 -37.5
45 83 -57.9
11 116 -38.8
6 15 52.2
34 79 94.2
35 91 -86.2
26 19 31.2
50 22 -19.9
29 75 -47.0
17 6 -46.8
1 52 45.8
15 122 -49.8
22 63 -21.2
55 6 73.0
24 56 35.2
47 21 20.1
17 111 66.2
57 19 -58.3
17 28 74.9
27 8 78.5
49 118 2.0
23 19 -35.1
4 54 4.2
29 41 -25.6
4 49 -69.9
7 71 -2.5
4 98 47.3
57 90 -11.7
36 23 -70.7
48 27 47.2
38 59 -22.7
27 22 -32.2
17 59 8.7
48 75 -31.8
7 65 61.0
58 26 -15.3
32 74 -91.2
49 81 -38.2
2 43 37.3
20 102 -19.2
10 7 45.9
2 53 -25.3
16 110 88.2
43 55 -27.1
10 117 -8.8
47 98 -47.3
32 83 92.3
17 93 41.2
40 29 -81.4
15 18 -66.2
36 106 -85.1
11 11 93.5
24 28 59.8
38 7 15.8
52 34 -82.0
19 12 64.8
32 52 -13.6
55 84 49.1
19 50 -0.5
15 55 45.2
3 13 96.1
36 16 -73.0
16 13 73.7
36 38 34.3
34 42 78.1
27 50 -28.2
55 7 -29.9
20 55 -86.5
14 105 21.2
7 1 -54.7
13 47 -54.2
22 70 72.7
14 93 82.9
5 2 10.1
15 74 12.0
34 1 -68.3
2 44 -26.9
41 88 89.5
50 76 29.7
23 38 17.7
12 109 81.4
52 69 -7.8
14 36 28.2
48 101 -90.6
28 86 -25.4
35 68 -74.7
56 50 -63.9
6 46 -75.2
13 42 61.7
4 22 4.4
26 106 -99.0
50 63 23.1
38 91 1.2
47 42 -58.5
56 81 99.0
11 13 58.1
3 84 -66.6
43 57 -21.5
52 15 4.5
34 10 -98.3
40 37 14.4
27 29 -86.1
5 82 -7.0
39 16 -54.5
33 28 -72.1
43 97 -59.1
34 88 96.5
50 68 -18.0
6 33 -77.5
8 57 78.5
10 24 95.0
52 88 52.7
15 118 -56.6
7 38 -84.5
49 100 -53.2
43 23 54.4
31 4 -11.1
20 52 54.4
18 121 -20.3
25 73 2.2
8 80 -62.0
27 101 -23.2
13 91 59.3
13 110 62.2
50 121 32.7
56 77 -47.7
50 66 98.0
46 47 99.5
1 15 -12.7
20 73 82.6
31 109 88.8
24 39 -98.4
53 56 91.5
46 81 10.9
40 118 -61.5
37 94 -23.3
0 1 -66.1
0 10 70.2
22 51 61.0
55 76 -16.7
9 38 49.0
54 113 -99.5
52 95 -61.1
22 20 50.1
37 24 88.0
13 83 -9.9
55 58 -14.9
57 59 -54.5
23 26 -96.1
11 8 14.2
16 35 -86.0
58 68 -85.0
8 12 43.3
46 113 -91.2
58 22 -73.4
53 26 -73.5
33 51 -99.6
49 96 62.8
51 100 28.7
32 77 29.9
16 42 -1.4
28 46 -38.0
47 25 -37.0
43 44 -78.8
51 18 -43.3
53 16 45.1
1 121 15.0
17 97 -22.9
35 103 59.8
51 88 -30.4
42 74 85.3
4 74 11.3
0 14 -28.8
45 19 -47.1
53 44 -93.7
27 66 -36.3
5 78 -70.6
40 73 -56.2
31 6 50.6
18 13 90.7
50 0 -92.5
8 50 18.5
10 76 75.5
36 90 44.4
44 31 -1.1
9 79 92.7
27 7 35.9
40 2 -84.4
3 27 -3.2
33 119 -2.1
3 22 -90.2
23 40 89.7
49 76 -22.0
1 23 51.1
3 114 48.8
3 73 71.8
26 7 7.6
57 82 67.6
2 117 88.8
35 100 -50.1
17 3 -30.5
9 116 -39.7
23 21 74.9
43 122 -26.4
52 105 16.0
44 82 72.3
23 26 -27.5
40 2 95.3
45 80 -33.3
19 77 17.1
17 14 9.1
49 24 -87.8
53 7 56.3
15 28 -32.1
55 29 -43.1
27 45 -88.6
24 1 49.9
13 13 -94.6
21 71 -62.0
56 108 -81.1
29 16 22.4
56 37 -17.5
54 78 66.8
8 8 -89.0
48 73 99.0
49 47 -42.3
58 13 -27.9
11 93 68.6
21 34 -42.6
32 31 -64.7
21 4 -78.9
51 28 -46.5
38 29 30.4
52 102 95.1
8 117 89.7
54 97 23.5
0 47 14.9
26 71 -64.7
53 52 91.1
25 82 -9.1
3 38 -61.1
34 87 -90.6
30 72 47.2
43 69 -27.8
55 16 73.1
49 121 34.0
38 1 -87.4
20 76 -2.2
25 29 -64.3
0 2 -29.0
13 33 0.0
15 7 -71.0
19 97 -92.1
51 59 69.9
23 54 54.0
12 98 -32.6
32 109 -43.3
45 15 20.8
46 91 -62.0
45 8 20.6
5 91 -8.4
16 94 39.3
1 21 -15.2
22 25 -52.4
50 0 57.6
38 39 -72.8
19 11 -6.1
40 23 -31.4
4 34 15.9
9 47 2.7
23 81 52.2
1 85 85.7
23 75 31.1
12 65 -48.9
18 91 -9.3
16 54 -55.5
50 73 88.9
55 50 -57.9
7 98 -71.8
18 52 -28.3
9 50 -13.8
0 118 94.9
31 19 27.3
10 28 -10.1
39 105 3.5
58 6 28.8
26 72 64.9
20 15 -77.3
27 66 -48.1
49 107 -87.0
11 32 64.1
39 31 -66.7
9 123 30.6
33 63 -18.9
16 103 -31.4
32 101 38.2
11 50 -17.8
25 21 10.1
26 37 -70.4
54 54 14.4
54 107 -88.8
52 108 56.1
6 0 -70.0
54 108 65.3
19 88 49.4
21 123 -27.6
17 120 50.3
50 14 63.0
20 3 -13.1
32 5 66.9
2 112 12.2
11 101 83.2
7 40 -43.0
46 123 10.6
16 38 28.2
10 7 15.8
12 0 22.5
18 120 3.9
2 10 -49.2
58 109 14.2
2 50 -92.1
22 122 23.0
5 123 37.0
37 100 41.2
47 39 29.2
32 69 42.4
44 36 -52.9
26 9 71.6
36 54 26.0
0 102 42.3
28 69 30.4
31 33 52.0
16 120 42.3
11 83 -31.1
19 24 -26.0
15 113 -79.1
57 83 -51.2
16 61 -97.0
19 44 50.0
23 45 96.6
36 17 11.8
50 85 -31.6
43 35 -1.7
10 14 -54.7
5 39 -19.9
40 110 -6.4
4 4 -45.8
19 109 82.3
16 96 -77.1
13 54 -14.0
6 30 56.6
44 25 80.2
43 79 37.5
34 53 56.3
23 48 6.4
31 31 -10.5
17 50 1.3
52 88 90.8
56 104 -60.5
49 94 -99.7
57 76 32.8
4 76 -13.9
34 71 28.8
35 78 34.8
6 95 36.0
30 59 -15.8
49 56 98.3
24 57 10.0
35 28 54.4
50 91 -41.1
16 79 50.1
53 86 45.9
57 96 79.2
31 29 -24.7
25 112 97.8
33 76 -82.5
4 34 -20.1
7 41 93.0
53 111 24.2
24 88 51.1
6 26 83.8
53 31 -58.0
5 109 -64.8
4 41 -25.1
29 42 37.3
50 105 48.2
20 22 -18.0
56 67 -66.9
57 72 -71.6
26 77 -31.2
35 27 -51.3
15 0 -9.2
23 21 14.5
1 45 26.6
31 82 99.3
23 44 -84.3
8 88 -65.7
16 17 -62.0
41 25 9.8
24 49 38.1
58 24 -22.9
30 121 -25.2
13 55 -11.7
33 23 -38.2
44 18 1.7
13 7 95.3
22 106 6.8
36 45 -34.5
22 91 58.2
45 90 -50.5
58 58 -72.9
29 78 -68.6
2 77 51.0
14 84 -76.4
40 5 75.4
32 93 43.3
33 53 55.3
46 30 -53.2
35 88 57.1
22 117 59.4
32 61 -31.1
18 99 79.3
43 31 17.0
0 64 -94.2
5 0 51.4
32 37 -25.2
44 83 32.3
14 108 -36.9
19 73 -61.4
0 24 10.3
35 101 63.3
45 35 -30.4
23 82 97.6
13 91 -70.1
28 25 -92.4
38 7 64.4
49 54 65.0
27 70 -59.9
45 17 65.9
31 98 25.8
0 100 90.1
29 112 -5.8
57 39 40.1
0 3 -0.3
9 47 -15.4
32 61 -44.6
51 44 79.3
58 109 45.9
17 56 -31.2
16 16 -5.3
4 60 78.9
38 115 -71.9
4 3 88.3
49 120 -41.7
28 87 48.3
14 51 58.2
37 25 48.6
17 104 -99.9
56 1 -93.7
53 106 55.8
39 11 -36.7
32 87 -0.1
25 113 -56.5
24 55 -88.4
38 56 77.2
43 33 46.5
54 98 -26.2
37 34 -96.0
11 35 35.2
7 13 -48.6
21 121 65.5
20 66 -55.3
35 61 64.3
45 5 12.9
13 70 -35.9
28 107 -57.5
27 69 37.8
10 31 -10.5
3 80 -81.8
51 44 18.8
57 30 55.1
15 104 -55.3
21 13 -94.7
10 5 31.6
40 72 13.6
42 1 -34.6
28 39 -76.5
35 119 -46.6
6 13 -12.5
7 31 35.1
38 93 -42.0
47 12 37.3
41 47 -92.2
18 31 10.4
20 63 -96.7
26 76 -16.7
30 39 -3.7
21 20 77.3
41 93 71.4
54 41 -63.2
28 2 -26.0
30 0 36.6
3 75 83.4
55 40 -17.2
14 20 96.0
43 69 -45.3
44 33 9.8
9 71 -36.5
17 86 -46.9
52 75 -11.3
20 17 -59.9
56 114 28.1
27 77 41.3
53 92 81.7
31 81 -88.5
23 65 23.1
42 87 -13.6
9 98 -8.6
40 41 -38.4
56 40 -95.5
1 121 29.2
58 108 -27.0
21 103 54.0
43 35 -82.2
58 113 0.1
34 40 -97.3
14 2 93.1
21 64 -52.6
38 8 -73.5
41 22 71.3
10 29 -63.1
21 85 -76.3
11 59 20.5
31 52 -96.5
50 112 1.9
5 1 -11.1
51 46 16.2
45 76 -42.5
18 19 20.1
5 22 -54.8
24 1 -1.0
14 20 -75.7
46 77 -96.4
35 53 69.1
39 44 -82.2
19 122 -38.9
41 94 -19.0
44 7 39.2
41 7 73.5
43 78 -65.1
38 46 86.7
50 4 -15.5
30 7 65.6
39 56 -87.9
37 26 -74.4
46 119 -46.3
50 113 -0.0
43 87 -8.4
57 49 49.3
0 29 76.3
37 87 -33.9
53 80 -75.9
40 26 -37.1
50 111 20.2
17 39 -42.7
7 115 91.5
23 121 90.8
7 25 13.6
45 86 -31.7
29 10 58.4
51 55 98.9
50 35 -52.6
37 56 3.9
30 64 -9.7
15 105 -85.6
12 51 35.9
23 117 17.6
27 24 -2.4
48 61 41.3
15 37 41.5
7 90 39.3
22 120 -67.2
0 19 -50.0
47 89 63.0
29 38 67.4
8 86 66.3
36 30 76.1
1 95 -88.3
43 31 -38.8
49 115 -71.8
32 88 -30.9
27 107 -45.3
29 54 -1.9
34 112 43.9
38 100 85.5
44 74 -14.1
18 62 -47.3
25 123 16.7
57 43 20.6
31 71 5.0
23 55 10.5
42 22 57.9
37 17 -23.9
50 46 -75.9
21 30 -24.6
18 110 99.0
5 14 37.3
38 72 -81.6
34 43 60.3
43 54 84.0
9 20 34.8
42 41 86.5
22 62 28.2
26 97 54.5
0 13 11.1
16 14 98.8
31 24 74.4
50 92 -49.0
5 18 66.4
50 7 -97.9
19 108 28.1
40 12 -16.0
23 41 71.7
41 3 -64.7
58 68 -41.6
27 32 -70.5
20 26 30.7
47 41 85.5
0 19 36.6
9 11 58.0
42 110 -30.5
31 120 -67.6
45 101 -96.9
12 65 1.9
2 104 76.5
0 18 77.6
8 113 7.3
55 47 -40.2
4 82 82.4
40 6 11.5
11 58 -41.0
15 115 -67.8
56 14 -32.8
42 80 73.1
5 21 -29.8
44 107 -90.3
39 19 34.7
25 55 -56.1
20 36 -22.9
12 106 20.9
15 77 -4.6
35 4 47.6
7 29 -96.6
58 90 -47.5
45 96 97.9
4 37 93.5
42 22 74.3
42 107 54.1
39 0 -79.2
22 43 -41.4
47 25 37.2
17 103 -32.5
35 19 61.6
43 83 41.5
45 66 -56.3
38 96 -23.9
49 71 -74.6
0 26 -27.3
9 16 75.3
51 97 -25.8
1 0 49.6
21 29 -30.1
18 58 -82.9
21 99 -5.5
55 14 -88.7
15 122 69.4
7 63 80.8
44 109 62.1
33 27 33.6
36 102 22.0
46 83 -83.6
58 72 -20.1
5 11 -70.1
18 47 -24.6
25 108 57.2
53 44 92.0
25 79 -23.8
4 72 -30.6
29 26 36.3
26 104 -14.0
18 57 -53.4
57 118 47.7
9 30 -35.0
19 50 3.5
1 24 -22.8
11 60 64.8
20 75 -9.8
36 2 -41.1
38 101 -84.0
54 38 42.5
31 78 -78.0
49 29 97.7
36 104 -11.3
29 112 -59.6
23 107 -7.4
51 3 46.2
53 48 9.9
40 21 -52.1
47 76 -48.5
29 87 58.3
18 102 20.3
1 5 -48.2
55 66 20.1
35 82 57.9
12 10 -18.2
35 76 20.5
48 3 -12.7
15 56 75.3
47 61 98.1
38 91 89.9
38 66 -22.1
36 62 51.3
2 119 9.7
19 90 -41.2
12 26 86.5
44 55 -79.9
45 21 71.2
37 48 -73.7
52 108 99.9
50 107 -78.9
26 66 -75.3
52 45 92.0
7 78 -89.4
15 99 -62.0
47 20 -37.8
56 14 -46.4
52 60 -88.8
49 28 -90.7
17 111 -69.3
13 76 32.4
56 14 27.6
25 78 -97.3
10 56 -47.6
55 117 -71.8
0 111 25.0
41 6 -71.8
46 33 -83.4
40 122 -91.1
23 62 1.5
26 71 -2.0
18 96 83.0
4 60 87.3
29 76 28.3
8 121 16.7
43 77 -72.0
25 22 67.0
3 48 -43.3
40 23 14.4
51 62 -53.5
21 83 10.5
53 87 27.4
56 96 -52.9
4 89 -23.2
23 68 -60.0
9 5 -91.3
15 115 -46.8
1 92 86.6
24 93 -65.9
21 102 -64.9
4 122 22.7
39 71 83.4
30 95 -5.1
18 57 -91.5
11 4 -59.3
26 0 49.2
45 60 -83.1
50 97 -87.2
9 80 75.9
11 77 -24.8
2 83 39.2
4 15 72.2
25 77 -18.4
7 32 -31.6
21 17 88.8
45 76 8.8
55 39 -23.9
3 76 35.0
58 73 -32.6
40 67 -6.6
57 52 58.1
1 110 -55.5
13 9 31.5
42 4 1.3
58 103 12.7
35 107 79.2
37 59 -78.0
46 77 24.9
38 100 -68.1
42 7 -26.1
6 75 25.5
42 98 -42.2
38 68 10.8
48 112 -44.3
19 117 35.0
46 0 52.2
9 40 86.4
40 15 -36.5
25 107 -75.8
32 48 69.8
12 35 5.0
46 114 21.2
49 55 84.0
20 119 -76.9
2 49 41.3
21 64 -35.3
21 20 -18.6
39 56 93.4
17 46 79.8
0 81 80.2
48 104 -71.6
56 19 -79.8
53 5 25.7
52 100 -15.9
35 54 -91.4
33 71 93.5
28 95 -49.4
37 16 33.9
50 12 86.0
2 104 12.5
34 59 77.3
1 121 99.2
5 35 58.7
0 28 -80.7
19 70 35.9
50 20 -37.0
47 103 -14.1
13 104 80.2
24 82 -33.5
52 33 51.1
0 64 52.7
56 103 -5.8
49 92 -53.0
56 18 97.5
47 2 17.4
47 91 8.4
19 0 74.9
45 68 -15.0
26 108 -87.4
49 70 18.9
28 116 60.7
27 110 -77.4
13 39 -91.4
32 67 20.4
20 83 -46.4
26 111 18.3
39 119 -95.6
33 12 40.7
35 42 12.1
28 52 -76.6
25 25 -91.8
9 22 77.4
3 106 49.8
25 73 -64.9
8 21 85.5
3 54 45.0
20 43 -75.8
54 95 -14.2
13 93 53.6
6 36 44.2
58 2 3.8
53 73 -51.7
53 86 56.9
32 30 60.5
12 103 -65.9
43 49 -50.0
32 42 78.8
38 45 -90.6
11 110 79.8
58 62 90.3
11 4 72.7
32 97 -70.3
46 98 40.2
33 28 -3.8
38 87 77.6
13 14 -44.7
39 10 -27.9
15 112 -57.8
27 118 -56.4
36 106 87.4
9 9 57.4
29 41 15.8
0 85 -10.1
5 68 -82.0
41 6 -42.6
45 11 -30.9
55 74 -97.7
21 55 -8.9
26 91 -36.4
0 119 35.5
26 98 31.6
33 22 -75.5
11 70 -32.1
47 52 -31.7
22 14 7.1
23 115 -13.6
45 107 -82.3
51 79 62.4
51 112 -44.1
45 18 -33.7
51 119 -41.3
17 3 68.6
4 62 -12.6
6 61 -5.4
37 82 -38.4
26 83 79.1
28 20 37.6
41 11 -45.2
7 114 -57.9
19 84 44.2
39 43 -13.3
0 66 -74.5
11 16 -75.0
46 16 98.1
39 106 -3.1
15 100 -24.3
16 57 -29.7
38 45 -72.7
38 119 27.5
44 90 27.4
8 26 40.7
24 68 -16.9
16 89 -23.6
31 68 -51.5
41 84 -13.3
16 52 -86.3
42 54 -45.1
16 23 -23.4
31 23 -97.4
13 23 -27.3
57 17 84.2
48 104 66.5
21 43 30.9
47 79 -72.5
48 110 41.0
21 18 -49.2
34 117 -91.1
4 48 -1.2
29 78 55.3
23 119 96.2
1 38 12.1
23 9 -41.2
45 39 7.7
47 115 85.0
0 10 -72.5
21 64 86.3
1 52 61.5
57 24 43.9
35 87 22.7
23 45 52.3
11 62 79.0
41 26 74.2
19 90 -37.1
12 92 86.2
30 5 -31.2
34 75 33.7
54 77 -39.6
42 109 58.2
55 103 -67.6
50 114 65.8
6 20 -21.6
32 85 -73.6
58 90 -32.7
22 45 64.2
16 99 -37.4
13 5 30.3
45 50 3.4
37 94 37.8
45 84 5.3
45 81 80.5
30 38 -24.4
36 93 -7.8
56 53 -1.0
7 56 31.7
13 6 -39.3
20 0 -84.8
50 6 56.0
35 38 -71.1
47 6 39.4
45 104 37.4
43 24 -58.7
36 24 -29.7
38 67 67.3
43 86 19.5
57 112 -8.4
8 81 -34.8
55 14 -21.7
52 98 -6.2
8 62 77.5
13 35 97.8
47 103 -84.2
22 8 -22.4
17 31 -67.0
18 38 48.2
43 101 67.6
31 60 -60.1
37 21 44.5
48 119 -67.6
6 13 73.0
17 8 -40.4
5 77 -46.1
6 66 71.7
37 93 -51.4
36 103 -44.1
55 68 67.0
0 87 34.6
19 32 68.6
56 54 -61.2
52 53 -67.2
17 1 40.0
21 43 -22.7
41 44 72.3
12 69 40.4
11 18 -10.8
26 52 51.3
54 80 75.4
46 9 60.0
30 112 51.7
35 41 -30.9
13 64 53.9
57 48 26.8
31 88 -81.4
11 17 -53.1
14 35 88.8
46 11 28.4
46 101 -58.3
18 67 -4.0
48 43 73.7
34 21 -6.0
31 9 -36.1
58 13 95.9
13 99 -7.1
23 11 -62.7
3 99 26.3
40 121 -38.4
56 72 -78.1
46 115 -72.6
40 112 47.6
35 82 -0.8
27 104 -66.5
27 111 24.9
44 109 -50.2
19 100 89.6
13 118 -44.8
50 117 17.6
15 85 -73.4
43 60 -69.4
56 6 78.1
3 21 16.3
44 91 -93.6
8 42 -14.1
56 78 83.9
13 20 55.3
25 88 83.0
42 108 52.7
21 31 -34.1
56 76 82.0
18 40 -95.3
51 40 41.4
7 50 -40.1
19 28 -51.1
27 70 67.7
23 39 -53.8
4 78 -45.8
19 77 76.6
51 84 -99.7
18 53 -41.2
52 70 -20.7
1 105 -48.5
24 105 -93.2
5 77 -45.7
47 82 3.1
49 26 94.1
6 28 -33.7
11 67 -74.1
35 23 -16.6
7 8 -37.5
6 45 -26.6
43 5 94.6
51 30 81.8
14 98 36.8
9 78 52.7
43 43 5.2
54 64 -53.7
9 73 22.3
8 85 -67.1
44 115 -48.6
48 117 -64.6
27 61 40.9
24 104 -5.9
25 74 -38.9
1 98 81.7
30 88 -82.7
12 26 -36.0
51 66 23.7
20 123 -63.0
56 90 17.7
29 105 -25.8
24 86 12.3
24 35 -81.3
29 120 53.1
1 13 4.5
38 73 98.0
28 2 65.6
38 16 9.0
8 68 -22.4
52 75 77.5
11 123 80.1
26 53 -12.8
52 29 -47.8
33 10 24.1
26 119 64.4
24 123 74.6
55 100 31.3
4 78 83.9
44 99 19.7
53 21 35.2
22 29 -22.6
41 11 13.5
8 3 98.8
36 110 -74.1
39 111 34.1
21 77 41.9
28 9 26.9
11 88 -53.6
30 33 -10.5
49 75 -92.3
9 92 -68.6
30 42 -79.3
42 7 -34.2
28 104 24.2
35 113 -96.2
20 84 -36.8
9 61 3.2
37 106 -32.4
34 69 -2.9
6 11 33.6
11 84 1.3
5 110 -58.8
10 9 57.1
18 56 -33.5
53 100 -56.6
1 14 -5.5
44 108 -25.2
33 108 100.0
7 64 53.5
30 84 6.3
43 50 -89.0
41 119 43.3
11 102 9.7
12 113 82.6
14 34 -46.0
0 102 66.4
40 75 -68.9
14 115 -98.9
40 107 44.9
42 7 43.7
4 21 -93.9
19 51 -85.5
51 3 -59.6
4 117 21.0
12 105 22.1
36 59 -92.3
4 95 -27.2
19 47 9.3
34 67 -71.8
10 48 -1.3
8 58 -9.7
50 40 22.2
8 82 91.1
26 19 -22.6
1 14 48.0
36 40 21.0
15 52 -86.9
0 78 -6.8
36 64 32.0
46 85 49.5
48 86 -64.7
57 53 61.2
8 31 3.7
33 79 96.1
50 77 96.8
15 82 31.3
3 113 40.3
2 54 4.6
52 110 -56.2
9 61 -31.8
25 123 25.4
7 48 -11.5
17 9 -61.5
26 48 -68.9
2 77 -31.4
56 5 -62.9
49 1 -42.6
29 40 -20.0
49 79 96.2
14 31 19.7
27 56 16.8
19 29 -43.3
54 44 7.5
45 95 62.5
21 29 -74.7
22 21 -23.6
49 17 -24.8
52 94 -98.6
24 57 -52.9
13 32 25.0
49 6 -46.2
15 40 -56.6
15 96 -2.3
58 69 -5.0
18 90 -72.8
7 80 7.4
53 35 -45.0
45 62 4.1
1 30 -99.1
11 102 -55.1
13 2 72.0
49 111 -18.6
40 68 58.1
54 2 35.9
7 16 98.0
8 113 -89.1
20 85 -14.1
18 5 -82.5
36 88 46.5
33 102 -0.5
32 83 49.9
28 14 -60.9
44 61 89.9
55 7 -9.1
49 47 -99.6
12 103 39.6
44 86 -78.6
46 107 17.7
52 34 -46.2
50 65 35.0
0 48 -93.6
31 39 5.8
51 78 -6.4
32 55 47.7
40 89 -83.4
29 108 21.2
11 84 -6.1
12 82 -89.1
2 31 82.0
54 89 -66.2
37 24 -24.5
15 70 -48.7
56 84 -59.7
52 7 -88.7
32 110 9.7
46 110 -37.4
25 45 -43.4
21 17 -55.7
52 103 -79.2
35 54 47.4
55 41 96.2
58 69 -58.6
43 7 42.1
30 18 89.8
18 98 -83.8
50 109 34.6
5 61 53.1
37 77 -74.6
45 90 -16.4
55 87 53.7
25 81 15.5
6 68 -4.0
15 85 -49.9
56 72 -46.8
26 93 -98.9
11 23 -77.3
9 42 72.6
21 28 -34.4
6 110 78.1
5 71 36.9
13 104 -57.6
57 71 -36.0
5 106 13.9
47 74 -70.9
19 3 46.9
43 74 -37.1
33 61 14.4
45 36 -55.9
1 23 64.6
33 77 95.0
27 58 16.2
30 40 -11.2
24 58 -26.6
10 123 -27.3
35 30 17.0
44 17 86.1
37 44 -52.7
5 21 -2.5
21 63 -91.3
27 100 -17.6
46 8 -58.3
37 95 -55.2
0 97 65.7
14 92 3.3
53 10 56.2
3 46 -4.0
1 61 91.2
42 73 -21.3
57 67 27.2
29 96 41.1
54 120 57.5
20 15 55.4
9 22 97.5
16 34 -94.6
16 14 -71.1
5 55 91.9
2 20 60.1
12 0 5.8
11 53 54.9
16 91 2.6
6 72 80.3
33 123 22.7
43 24 90.9
52 9 25.6
28 85 3.2
5 25 40.0
29 115 0.2
25 63 43.5
31 49 -9.6
22 71 -50.6
54 34 18.6
57 81 -47.3
47 27 90.2
29 96 -0.3
9 31 -69.8
51 59 90.8
51 57 24.0
37 41 19.2
34 43 -19.6
19 52 -71.1
14 14 64.6
29 62 21.1
56 47 50.2
26 36 65.5
53 111 76.1
17 68 61.8
39 86 16.2
35 43 -5.5
48 97 -36.1
15 110 -98.7
27 102 -59.6
40 94 26.1
11 123 -36.4
46 16 -69.4
34 73 -4.3
47 58 -23.2
7 74 33.8
20 6 -6.7
28 80 8.6
26 105 89.3
51 101 -85.1
49 67 99.8
11 53 8.0
25 78 -76.4
26 30 -39.3
0 47 6.9
48 0 -86.3
38 59 60.0
25 6 16.4
49 62 -67.7
51 13 -98.4
9 21 72.1
6 41 47.3
12 116 60.5
17 113 23.5
18 30 -0.2
6 75 -30.9
22 121 85.3
35 51 54.5
53 92 -94.0
3 120 -36.8
17 4 85.3
0 110 -54.7
44 21 -46.4
1 93 -37.0
14 46 -73.8
53 94 26.9
15 3 12.3
18 88 29.0
39 32 -78.9
53 100 -77.5
38 117 -2.6
22 66 -39.8
34 21 -19.8
24 107 -72.5
14 52 31.3
44 52 -1.1
0 53 -17.2
45 37 54.7
11 55 35.5
11 57 -97.1
49 78 74.7
34 60 -37.7
36 102 1.2
53 7 -11.9
44 96 -79.5
10 68 21.3
34 33 74.2
3 97 78.1
50 8 86.1
41 110 52.6
28 56 66.3
49 39 91.8
15 55 -27.8
48 71 -83.5
3 103 -20.6
27 58 -69.3
26 37 -28.5
49 84 -66.3
42 101 69.3
26 63 32.7
13 44 48.2
26 107 -100.0
12 106 36.5
31 5 78.0
47 92 -15.5
52 119 -11.2
30 16 -17.5
38 121 -88.1
53 20 -34.7
46 66 82.5
14 74 12.7
42 54 85.9
1 24 81.0
35 65 51.1
23 1 20.7
52 99 -52.7
21 108 12.3
9 68 -36.5
43 20 -20.1
12 84 21.6
52 34 89.9
36 18 59.1
41 51 -22.8
2 11 56.2
11 78 42.0
13 42 -68.2
23 60 47.0
1 33 69.9
4 90 30.7
49 88 95.7
26 15 -95.7
11 108 -68.7
56 60 -60.5
23 9 -82.9
34 52 -58.8
32 114 -76.9
25 112 -22.3
27 26 23.0
50 119 47.2
17 26 -69.0
45 8 40.9
7 93 -28.9
3 79 -73.0
6 118 -65.5
34 54 34.8
15 18 32.5
4 15 -52.8
32 44 -72.6
14 39 46.0
51 114 34.1
18 120 -4.1
6 23 32.9
47 123 79.5
18 2 -63.2
15 87 -84.0
58 15 -38.3
50 27 -87.9
38 88 82.9
51 103 67.6
13 115 -95.8
4 13 -3.0
15 48 -83.0
12 77 25.0
24 20 -92.0
41 47 11.3
29 43 84.8
40 103 7.8
11 12 85.7
17 26 72.2
13 123 26.3
57 88 26.1
16 23 -68.7
44 60 74.6
55 25 -72.0
57 10 70.3
53 83 -16.2
10 50 33.5
14 55 84.8
14 48 -95.5
36 115 43.8
18 6 35.9
33 76 -86.8
25 70 -53.0
34 79 55.5
20 11 -28.6
56 73 54.0
22 22 45.9
57 53 -56.1
37 114 21.6
2 108 69.3
44 23 -99.5
38 15 4.8
38 17 -31.8
20 35 51.8
20 53 -69.3
4 92 55.3
8 95 61.6
49 36 -34.6
57 76 -91.3
54 81 -51.5
30 72 40.7
45 122 48.1
53 25 76.0
44 114 31.7
38 99 -22.7
25 36 11.6
14 64 82.2
39 11 0.3
38 87 -57.4
18 74 -49.5
28 58 67.3
30 20 75.3
9 75 -84.8
3 64 60.3
20 74 -42.4
1 82 -80.1
56 63 -9.3
44 55 -35.3
38 99 -57.1
45 109 94.6
14 117 30.9
55 111 21.7
38 30 -71.2
0 35 -82.6
54 58 -50.9
34 100 -68.2
46 57 -99.7
22 35 -46.0
13 37 -51.9
45 95 50.3
8 23 -4.0
3 91 -2.3
52 90 73.4
10 42 19.5
18 24 63.9
30 23 -15.4
31 72 20.3
27 102 -24.0
3 7 -33.6
30 110 28.5
53 25 92.1
17 59 -94.3
16 112 -96.5
41 48 77.2
39 17 70.6
7 35 -80.6
31 24 79.9
11 106 83.1
12 120 -41.6
39 80 18.0
32 76 41.1
38 3 -64.4
20 38 -18.5
15 23 60.7
48 65 62.0
54 98 77.6
22 70 -76.6
27 42 -51.1
11 94 34.0
12 46 -15.2
16 69 -85.9
50 76 -71.0
3 105 -69.1
48 106 29.3
2 0 -95.3
3 39 63.0
4 8 -89.1
57 59 55.0
51 92 68.6
30 2 -83.0
32 100 -87.9
48 49 33.6
13 53 -46.0
9 7 61.1
45 3 -3.4
5 100 -52.1
8 22 -58.0
1 92 39.3
15 63 66.3
36 18 46.7
17 39 71.3
3 93 -66.1
8 22 96.6
17 60 -77.2
22 77 -0.7
30 19 -26.0
58 12 -76.3
25 5 -11.9
38 41 -69.0
47 9 -70.4
53 19 84.4
44 74 -47.9
28 1 -63.6
28 89 89.0
43 12 99.7
57 61 76.8
53 16 -52.5
37 22 -36.5
26 65 24.1
28 27 -70.5
47 24 -34.6
35 114 73.3
35 18 63.1
26 61 -23.3
38 44 -90.5
40 68 44.0
53 8 67.2
40 82 -39.0
16 117 49.4
27 44 37.2
4 35 3.6
23 28 -3.8
26 69 40.7
56 8 28.3
51 92 -10.2
45 73 89.6
54 97 49.3
43 9 21.5
49 0 86.3
33 94 60.4
40 24 50.1
54 108 74.2
6 122 11.0
44 74 -8.5
20 92 81.0
31 49 58.7
52 15 57.3
29 0 -23.1
37 54 91.8
25 74 85.6
53 41 -45.6
15 6 -84.3
34 103 3.4
1 100 90.3
53 49 89.4
15 109 -24.3
25 105 -29.6
18 7 -27.6
52 27 73.7
18 42 83.0
57 56 -2.7
29 78 28.9
50 104 -78.8
28 27 22.8
57 2 33.3
5 26 -54.0
12 68 -89.5
40 22 92.8
40 31 52.3
48 98 -40.8
31 7 51.1
10 74 98.8
54 43 -4.6
46 112 42.4
49 9 48.8
18 100 -45.3
56 123 90.0
50 95 -88.6
9 94 -18.0
48 52 -9.3
27 57 21.2
5 55 -62.5
38 98 0.4
26 38 31.3
51 83 -28.7
23 14 17.6
57 57 31.7
16 33 80.8
24 34 -63.6
11 49 93.4
25 43 5.8
34 52 -57.2
48 101 31.2
8 71 20.5
52 15 4.1
5 13 42.3
25 27 -61.4
48 66 -97.0
51 9 -31.0
46 2 -69.9
3 108 8.6
3 38 -30.3
49 7 -2.1
47 0 -44.7
28 29 48.2
6 104 -51.5
30 116 -34.4
26 20 44.7
58 70 90.3
55 32 -70.2
56 100 -16.6
3 38 15.1
19 41 -85.2
25 76 65.6
23 18 1.8
34 120 52.8
31 118 84.2
23 105 91.2
41 87 -25.3
51 48 -20.3
39 12 -23.9
46 48 35.8
48 118 -66.5
10 113 48.1
3 51 -72.6
53 31 -80.3
58 120 38.8
55 84 28.2
35 4 -2.5
44 104 53.8
40 16 -70.0
54 101 24.4
58 59 -45.6
45 100 42.5
40 88 84.4
7 122 -15.3
47 74 -40.3
39 74 -34.4
35 100 -18.5
51 42 39.0
39 86 99.2
50 5 -77.9
29 52 44.0
3 91 96.7
1 115 -24.2
30 28 85.5
13 61 3.5
34 71 -53.3
29 105 -14.5
46 76 -50.2
43 46 54.9
41 82 43.8
6 27 60.6
14 64 92.3
58 11 5.1
32 61 -98.8
10 59 -55.7
18 112 -50.9
29 31 -57.1
57 97 -60.3
11 117 -9.4
15 111 -68.4
50 60 62.7
6 65 -99.2
39 119 -50.6
7 29 0.0
50 40 -48.2
20 11 -11.5
2 109 50.4
56 10 -74.4
40 116 2.2
8 122 -49.8
50 110 9.1
15 99 49.2
6 86 92.8
0 37 96.3
22 25 75.9
19 53 28.3
55 123 86.5
44 86 -33.0
0 122 -96.9
50 88 -93.3
56 101 93.1
7 55 -66.2
14 37 93.5
16 112 -8.5
56 70 -2.0
12 109 47.8
12 26 52.7
12 45 -63.6
32 34 87.4
47 32 53.4
13 84 -5.1
13 107 33.8
25 29 56.6
41 41 -15.3
6 29 91.1
35 121 65.8
33 101 -31.0
55 64 -58.8
34 19 -72.2
53 27 -32.0
6 63 -2.4
24 15 93.3
8 5 -90.9
15 84 67.3
41 71 7.1
7 102 -8.4
0 6 61.2
7 59 -10.1
31 62 62.1
58 106 16.7
3 103 34.3
20 29 -58.3
25 73 -67.5
25 62 49.2
21 123 0.0
46 15 80.8
54 86 -78.9
8 21 -15.7
31 17 -89.7
18 96 47.0
18 27 87.0
20 67 -47.0
4 117 12.4
58 77 17.0
4 39 87.7
1 29 36.2
41 12 -86.6
56 31 -22.3
51 31 -50.9
21 5 24.9
31 94 -62.7
46 64 -3.7
4 14 -33.3
51 53 0.9
4 24 -76.1
35 21 -87.5
4 59 -91.4
16 119 74.6
36 1 -87.3
16 108 -43.6
22 27 24.2
32 116 -15.2
3 50 -39.5
20 55 -8.8
39 39 -18.0
30 116 -93.7
36 60 -60.3
58 113 -49.3
15 79 -33.6
52 75 -44.6
16 105 31.2
22 18 38.0
54 44 6.1
14 70 66.2
7 110 -25.2
28 60 -28.9
1 92 1.6
9 68 62.0
13 41 -81.3
40 8 12.3
46 114 9.7
50 51 11.2
23 36 -92.5
39 55 89.9
41 75 28.1
23 72 -66.0
52 86 92.4
43 70 34.4
30 0 -14.2
9 49 45.5
13 112 -67.1
1 38 93.3
55 96 33.4
45 69 -13.9
22 28 82.0
53 27 -22.4
26 14 -77.6
45 73 -70.7
14 37 -13.1
27 90 -40.5
41 38 42.2
13 72 81.7
38 76 87.7
37 79 24.5
37 109 -11.9
14 38 39.4
33 51 -4.8
2 13 -19.9
54 120 20.4
7 2 83.5
7 100 -46.4
38 12 93.5
19 97 -54.0
35 14 -23.9
42 61 41.1
5 75 73.2
50 69 92.6
40 86 29.5
34 110 -21.9
31 81 -90.3
13 34 -95.0
45 103 -45.1
34 11 -76.9
2 67 -93.0
31 88 -73.4
8 82 -59.6
55 6 19.9
5 51 13.6
12 39 1.2
17 51 38.6
34 109 1.0
26 23 63.6
10 17 -15.1
7 25 14.7
22 99 58.9
31 14 79.0
46 53 87.7
44 64 -13.8
26 78 -12.1
48 78 -61.5
16 48 -62.6
47 65 45.5
33 10 -96.2
26 99 -93.9
15 70 25.4
35 110 -73.4
16 50 -99.1
49 16 52.6
54 33 -62.8
3 50 0.3
4 68 9.7
40 60 -50.3
30 95 -89.9
34 4 27.3
27 24 -75.2
33 2 -59.2
31 32 -92.1
46 70 3.5
3 31 -61.4
7 41 50.9
17 66 58.9
7 77 25.7
31 120 73.4
55 16 -14.7
9 87 -71.5
52 112 -9.8
56 3 23.5
27 12 1.5
31 12 90.1
10 6 46.0
18 84 -85.5
31 85 -6.9
54 83 88.9
55 111 81.1
54 106 -95.5
22 75 -63.0
31 92 81.5
16 109 74.3
27 56 73.6
20 86 94.2
5 24 -7.4
15 84 -55.6
18 15 49.6
15 5 -48.5
1 117 22.0
51 57 82.5
6 121 -72.7
24 54 -75.2
28 31 -89.1
47 59 28.5
26 37 -28.5
30 6 -36.2
50 36 77.9
57 78 58.3
13 65 70.8
3 44 -11.9
41 79 -80.8
10 53 -66.4
18 116 -32.2
3 115 -55.0
37 23 -26.4
9 35 -54.8
11 36 -18.9
1 26 53.7
12 45 91.1
57 65 -24.3
56 122 -92.4
40 115 -95.5
25 113 -81.4
25 114 -95.0
53 26 -43.6
39 65 -6.3
8 27 0.8
56 24 24.5
41 42 -51.7
36 60 -66.5
20 57 -42.5
46 2 -39.9
51 2 -9.6
0 51 74.3
1 95 7.6
37 7 72.7
24 122 -82.4
3 26 -22.4
17 110 47.3
47 67 -46.4
49 38 54.0
54 8 73.4
12 114 -43.5
28 38 48.5
14 51 -54.5
21 20 8.8
51 118 87.5
18 60 -65.7
17 102 10.2
32 105 60.5
30 111 46.7
48 37 95.0
45 111 -18.4
5 61 26.6
20 64 96.9
14 44 -47.7
4 15 -45.4
34 27 -84.4
46 104 -79.8
35 21 46.5
16 21 -29.8
50 81 93.4
19 9 22.2
20 5 -79.0
5 117 -35.2
10 68 -61.1
13 94 18.1
7 3 36.4
4 14 -4.7
14 3 83.4
6 20 -56.9
35 3 16.9
26 115 -20.2
45 93 33.8
55 95 -56.7
34 91 64.1
56 95 -88.7
51 47 -20.5
51 95 70.6
37 21 -25.3
12 29 43.8
13 94 -52.5
29 9 78.9
15 14 -42.7
56 63 58.2
28 68 51.2
33 8 -52.8
2 46 -58.5
56 64 -5.8
51 74 -55.2
11 71 -4.6
1 84 51.7
52 88 36.7
12 46 -60.0
19 22 30.9
24 62 27.7
5 31 68.1
42 39 84.1
30 117 -53.0
3 39 52.4
23 76 42.6
9 49 -48.7
2 103 87.5
4 108 -64.3
2 45 92.5
32 88 -70.6
38 64 -97.3
45 64 -59.6
46 69 -75.3
0 40 96.4
45 52 -78.7
11 65 92.6
54 66 10.8
26 43 -21.6
17 104 -94.0
17 23 -31.9
39 110 -4.6
56 101 96.2
5 13 74.0
39 33 88.4
2 14 -23.4
9 1 39.7
19 19 -63.8
38 27 -97.4
53 110 -37.6
43 32 -95.5
13 7 23.4
35 119 -10.6
45 62 72.4
3 86 7.9
30 33 91.2
0 43 33.6
19 6 82.6
30 45 -95.3
42 79 -76.0
26 106 84.4
26 22 -73.9
34 1 23.2
0 52 -80.2
10 102 52.7
27 94 87.6
29 10 77.2
49 65 38.8
43 58 14.4
28 98 94.9
49 15 78.4
25 108 -20.5
40 88 91.0
32 20 32.6
43 47 -10.9
43 73 12.9
40 98 0.0
28 107 -41.8
58 40 97.1
17 110 -19.5
8 25 14.6
58 18 6.0
27 73 -44.7
14 67 -25.9
2 10 84.3
54 98 13.5
34 21 98.8
31 64 -25.5
26 112 52.9
47 93 -86.1
3 113 59.4
23 71 88.9
35 73 -99.2
53 1 91.8
57 117 -44.6
6 19 44.8
4 34 -92.7
9 28 86.8
39 9 -99.1
42 53 -32.1
6 110 -71.3
58 9 73.8
37 117 57.0
30 50 67.1
0 70 -2.6
28 52 62.6
58 40 51.2
37 32 -96.1
38 84 65.1
42 29 -73.6
0 2 -28.9
54 52 -68.6
4 111 -13.4
33 63 83.5
30 4 61.3
32 103 42.5
31 56 -80.4
6 46 51.5
17 113 -87.8
21 112 -57.8
5 27 44.6
20 55 82.0
55 9 -72.6
47 72 -84.7
33 120 -75.6
10 12 -84.0
26 16 -8.6
31 60 -25.3
29 123 32.5
47 6 -34.3
29 99 -47.2
35 117 67.4
43 61 -74.8
16 57 35.6
4 86 2.8
46 105 63.3
10 111 28.1
55 123 -30.0
40 40 -54.3
39 42 19.9
55 107 12.5
22 94 33.3
17 5 25.3
35 121 -59.2
57 76 -78.5
58 94 40.7
40 38 -70.6
12 120 -28.6
34 83 84.4
37 40 44.1
36 65 -17.8
6 61 -48.6
35 86 73.7
23 102 -75.7
20 34 -4.1
24 81 -44.8
18 10 62.6
16 41 -15.7
57 31 -18.2
53 16 -90.5
18 95 -90.0
46 90 67.3
16 55 -35.9
53 117 -87.0
16 60 -93.6
4 30 -79.9
32 70 -43.7
35 39 26.0
54 59 -40.9
44 89 -10.8
21 120 49.7
8 30 -6.2
43 10 -29.4
28 48 -71.2
11 48 25.8
16 96 48.7
56 32 -44.7
25 99 53.4
8 21 -57.5
15 97 14.4
15 78 -20.0
26 107 67.8
0 55 -50.4
2 44 -49.1
52 94 39.6
2 99 30.6
12 109 -36.6
53 3 -43.4
55 8 -29.1
53 65 94.8
12 38 -19.3
14 7 46.0
42 60 19.3
6 120 22.0
11 78 -88.5
8 61 94.4
52 120 33.1
49 111 87.3
35 11 80.3
20 25 20.9
56 111 -84.0
51 96 -33.1
18 76 90.4
21 79 75.3
21 119 9.9
57 102 -51.9
55 123 67.1
19 75 97.2
26 48 68.5
4 102 97.7
18 66 -13.1
54 86 61.0
20 18 -42.0
0 53 64.0
27 120 8.3
49 37 26.7
10 98 -57.5
10 2 -6.7
40 55 -72.0
1 112 9.2
3 35 65.2
45 38 53.4
7 89 -86.6
16 111 57.3
7 116 64.9
13 37 11.8
46 30 -86.5
11 0 -67.8
38 120 75.5
31 77 -65.8
15 2 83.2
37 44 -45.1
37 111 7.1
25 43 -52.3
10 59 -13.7
0 23 -26.3
4 123 -32.6
5 67 -80.4
5 46 91.2
32 73 47.7
56 13 20.4
16 24 49.2
57 82 43.1
56 34 -82.2
25 112 34.3
15 16 94.1
11 2 -57.1
14 34 -12.6
51 100 65.1
11 76 -26.5
30 36 47.7
54 48 -36.4
43 47 -3.1
36 65 32.9
0 86 -24.2
44 117 -20.3
18 30 78.0
17 122 -19.2
2 43 66.3
52 114 29.2
39 92 77.0
14 104 17.5
23 117 69.8
22 46 -64.2
53 54 45.4
46 54 85.6
5 108 -93.3
43 80 81.3
7 101 78.0
46 95 76.6
21 56 53.0
37 106 35.7
8 123 -70.3
56 41 95.4
38 45 -75.7
10 107 72.3
30 33 -1.3
26 51 -39.3
14 21 -33.4
58 17 -89.0
14 81 59.9
55 63 -77.1
1 0 13.5
48 15 -88.1
53 118 -12.6
51 27 47.3
57 108 -89.9
31 44 -15.6
38 99 85.5
4 16 57.2
3 78 57.0
3 72 86.6
9 40 57.0
5 109 -1.3
39 17 24.5
15 13 15.1
48 2 44.6
48 51 -16.1
18 64 -33.9
28 7 12.1
4 11 72.7
50 31 63.8
44 31 3.9
41 15 1.2
57 115 -89.0
51 30 24.7
35 75 -52.8
31 11 -75.9
34 84 -75.4
20 22 68.1
39 6 -43.9
31 43 -53.0
56 103 4.4
49 20 -90.8
0 73 -54.9
11 116 93.0
56 77 -11.7
25 103 -16.7
47 62 -77.2
42 99 72.4
23 81 59.1
24 59 -84.1
7 113 -83.9
36 32 24.0
23 54 93.7
48 123 2.0
28 89 -38.9
9 60 33.9
18 40 61.0
39 102 9.7
28 112 -35.9
48 115 65.3
34 41 26.5
25 119 -69.1
38 106 -8.2
9 101 -32.3
28 68 -42.6
29 43 44.8
43 52 6.1
18 29 -65.0
42 39 78.3
17 36 -91.7
2 37 -30.7
21 93 -81.1
11 43 5.7
27 57 13.9
31 32 -94.7
57 57 -11.8
11 68 -55.5
15 4 -14.0
4 12 62.6
26 89 -83.7
57 104 59.5
52 87 -36.4
21 26 5.0
58 123 65.7
58 59 49.9
23 73 64.9
35 53 -91.8
58 70 8.4
0 24 64.9
17 72 -85.8
28 101 71.8
6 51 -35.7
40 67 -0.4
9 77 -85.8
22 32 98.6
23 61 99.9
16 113 -30.4
3 40 -30.5
28 78 86.4
58 102 69.6
35 7 -92.5
51 69 -46.2
26 2 -15.0
40 69 49.9
27 75 71.3
43 36 44.1
9 116 -52.8
22 64 -95.9
22 118 8.0
14 92 96.1
50 123 96.4
41 71 2.6
15 91 -29.0
32 107 -36.3
26 25 62.6
19 109 73.6
47 105 -78.5
49 96 -58.3
2 101 -66.5
14 50 -79.7
39 44 7.5
26 63 92.0
43 95 13.4
15 43 -15.4
36 13 -6.4
5 83 -27.2
3 64 51.5
26 95 -54.8
29 97 62.9
58 72 98.2
50 84 -95.6
54 7 72.5
1 119 8.0
33 60 -16.0
39 11 18.7
36 96 13.1
11 23 -21.2
4 6 -42.9
58 70 52.9
29 123 -35.3
42 66 42.7
45 98 56.4
13 108 -21.8
48 9 -93.1
23 93 15.7
49 68 13.9
36 45 43.2
24 91 59.1
43 5 34.2
21 122 35.8
38 93 10.5
9 32 -66.9
22 72 -78.4
28 117 47.2
42 118 -20.4
36 112 38.1
27 11 55.5
22 0 79.4
29 76 -71.1
52 118 -11.9
4 54 -2.0
58 10 93.6
49 116 83.8
3 44 -20.9
36 66 -9.0
29 0 -55.9
57 63 -68.4
57 11 -74.9
22 95 -54.9
44 110 -12.8
34 108 -5.3
18 109 -4.3
1 63 32.6
57 80 67.6
45 116 -46.8
50 71 -22.7